data_id,id,modified,name,value,
274,1466601,1493088692,165_MAU1_CEV_1T1_US,89.182,
275,1466602,1493088692,165_MAU1_CEV_1DeltaT_US,11.525,
276,1466603,1493088693,165_MAU1_CEV_1T2_US,77.657,
277,1466604,1493088693,165_MAU1_CEV_1AbsPower_US1,0.000,
278,1466605,1493088693,165_MAU1_CEV_1E_Cooling_US1,3099698.000,
279,1466606,1493088693,165_MAU1_CEV_1E_Heating_US1,1064.822,
280,1466607,1493088693,165_MAU1_CEV_1RelPower,0.000,
281,1466608,1493088693,165_MAU1_CEV_2RelPos,0.000,
28,1466609,1493088694,001_AHU106_CEV_E_Cooling_US1,236586.906,
282,1466610,1493088694,165_MAU1_CEV_2RelFlow,0.000,
283,1466611,1493088694,165_MAU1_CEV_2AbsFlow_US,0.000,
284,1466612,1493088694,165_MAU1_CEV_2T1_US,89.326,
285,1466613,1493088695,165_MAU1_CEV_2DeltaT_US,11.177,
29,1466614,1493088695,001_AHU106_CEV_E_Heating_US1,207.230,
30,1466615,1493088695,001_AHU106_CEV_RelPower,5.900,
286,1466616,1493088696,165_MAU1_CEV_2T2_US,78.149,
287,1466617,1493088696,165_MAU1_CEV_2AbsPower_US1,0.000,
288,1466618,1493088696,165_MAU1_CEV_2E_Cooling_US1,3411292.250,
289,1466619,1493088697,165_MAU1_CEV_2E_Heating_US1,5553.084,
290,1466620,1493088697,165_MAU1_CEV_2RelPower,0.000,
291,1466621,1493088698,165_AHU1_CEV_RelPos,0.000,
292,1466622,1493088698,165_AHU1_CEV_RelFlow,0.000,
293,1466623,1493088698,165_AHU1_CEV_AbsFlow_US,0.000,
31,1466624,1493088698,001_AHU118_CEV_RelPos,28.680,
294,1466625,1493088699,165_AHU1_CEV_T1_US,74.905,
295,1466626,1493088699,165_AHU1_CEV_DeltaT_US,1.222,
296,1466627,1493088699,165_AHU1_CEV_T2_US,76.132,
297,1466628,1493088699,165_AHU1_CEV_AbsPower_US1,0.000,
298,1466629,1493088699,165_AHU1_CEV_E_Cooling_US1,268.918,
299,1466630,1493088699,165_AHU1_CEV_E_Heating_US1,0.007,
300,1466631,1493088700,165_AHU1_CEV_RelPower,0.000,
301,1466632,1493088700,165_AHU2_CEV_RelPos,19.260,
302,1466633,1493088700,165_AHU2_CEV_RelFlow,4.234,
2,1466634,1493088703,136A_Ahu1_CEV_RelFlow,0.000,
304,1466635,1493088703,165_AHU2_CEV_T1_US,45.202,
305,1466636,1493088703,165_AHU2_CEV_DeltaT_US,23.582,
306,1466637,1493088703,165_AHU2_CEV_T2_US,68.784,
307,1466638,1493088703,165_AHU2_CEV_AbsPower_US1,5.777,
308,1466639,1493088703,165_AHU2_CEV_E_Cooling_US1,16941.906,
309,1466640,1493088704,165_AHU2_CEV_E_Heating_US1,0.573,
310,1466641,1493088704,165_AHU2_CEV_RelPower,5.638,
32,1466642,1493088713,001_AHU118_CEV_RelFlow,8.754,
33,1466643,1493088725,001_AHU118_CEV_AbsFlow_US,2.618,
321,1466644,1493088734,003_AHU2_CEV_RelPos,25.660,
322,1466645,1493088734,003_AHU2_CEV_RelFlow,13.330,
323,1466646,1493088734,003_AHU2_CEV_AbsFlow_US,1.895,
324,1466647,1493088734,003_AHU2_CEV_T1_US,46.143,
325,1466648,1493088734,003_AHU2_CEV_DeltaT_US,18.307,
326,1466649,1493088735,003_AHU2_CEV_T2_US,64.451,
327,1466650,1493088735,003_AHU2_CEV_AbsPower_US1,17.562,
328,1466651,1493088735,003_AHU2_CEV_E_Cooling_US1,52588.910,
329,1466652,1493088735,003_AHU2_CEV_E_Heating_US1,9.939,
330,1466653,1493088735,003_AHU2_CEV_RelPower,17.141,
331,1466654,1493088735,168_AHU1_CEV_RelPos,19.290,
3,1466655,1493088736,136A_Ahu1_CEV_AbsFlow_US,0.000,
332,1466656,1493088736,168_AHU1_CEV_RelFlow,4.323,
333,1466657,1493088736,168_AHU1_CEV_AbsFlow_US,5.482,
334,1466658,1493088736,168_AHU1_CEV_T1_US,44.429,
335,1466659,1493088736,168_AHU1_CEV_DeltaT_US,22.326,
336,1466660,1493088736,168_AHU1_CEV_T2_US,66.755,
337,1466661,1493088737,168_AHU1_CEV_AbsPower_US1,61.278,
338,1466662,1493088737,168_AHU1_CEV_E_Cooling_US1,101367.633,
339,1466663,1493088737,168_AHU1_CEV_E_Heating_US1,13.297,
340,1466664,1493088737,168_AHU1_CEV_RelPower,8.546,
341,1466665,1493088737,168_AHU2_CEV_RelPos,29.630,
342,1466666,1493088738,168_AHU2_CEV_RelFlow,8.843,
343,1466667,1493088738,168_AHU2_CEV_AbsFlow_US,11.213,
344,1466668,1493088738,168_AHU2_CEV_T1_US,43.935,
34,1466669,1493088738,001_AHU118_CEV_T1_US,44.330,
345,1466670,1493088738,168_AHU2_CEV_DeltaT_US,17.081,
346,1466671,1493088739,168_AHU2_CEV_T2_US,61.017,
347,1466672,1493088739,168_AHU2_CEV_AbsPower_US1,95.939,
348,1466673,1493088739,168_AHU2_CEV_E_Cooling_US1,112585.820,
349,1466674,1493088739,168_AHU2_CEV_E_Heating_US1,14.201,
350,1466675,1493088739,168_AHU2_CEV_RelPower,13.377,
351,1466676,1493088739,168_MAU1_CEV_RelPos,0.150,
352,1466677,1493088739,168_MAU1_CEV_RelFlow,0.000,
353,1466678,1493088740,168_MAU1_CEV_AbsFlow_US,0.000,
354,1466679,1493088740,168_MAU1_CEV_T1_US,73.754,
355,1466680,1493088740,168_MAU1_CEV_DeltaT_US,0.220,
35,1466681,1493088740,001_AHU118_CEV_DeltaT_US,21.555,
356,1466682,1493088740,168_MAU1_CEV_T2_US,73.534,
357,1466683,1493088741,168_MAU1_CEV_AbsPower_US1,0.000,
358,1466684,1493088741,168_MAU1_CEV_E_Cooling_US1,4.537,
359,1466685,1493088741,168_MAU1_CEV_E_Heating_US1,1.746,
360,1466686,1493088741,168_MAU1_CEV_RelPower,0.000,
361,1466687,1493088741,168_AHU3_CEV_RelPos,0.000,
362,1466688,1493088741,168_AHU3_CEV_RelFlow,0.000,
363,1466689,1493088741,168_AHU3_CEV_AbsFlow_US,0.000,
364,1466690,1493088741,168_AHU3_CEV_T1_US,63.813,
365,1466691,1493088742,168_AHU3_CEV_DeltaT_US,6.055,
366,1466692,1493088742,168_AHU3_CEV_T2_US,57.758,
367,1466693,1493088742,168_AHU3_CEV_AbsPower_US1,0.000,
368,1466694,1493088742,168_AHU3_CEV_E_Cooling_US1,342.372,
369,1466695,1493088742,168_AHU3_CEV_E_Heating_US1,0.104,
370,1466696,1493088743,168_AHU3_CEV_RelPower,0.000,
371,1466697,1493088743,168_AHU4_CEV_RelPos,0.150,
372,1466698,1493088743,168_AHU4_CEV_RelFlow,0.000,
373,1466699,1493088743,168_AHU4_CEV_AbsFlow_US,0.000,
374,1466700,1493088743,168_AHU4_CEV_T1_US,46.162,
375,1466701,1493088743,168_AHU4_CEV_DeltaT_US,22.677,
376,1466702,1493088744,168_AHU4_CEV_T2_US,68.849,
377,1466703,1493088744,168_AHU4_CEV_AbsPower_US1,0.000,
378,1466704,1493088744,168_AHU4_CEV_E_Cooling_US1,39584.332,
379,1466705,1493088744,168_AHU4_CEV_E_Heating_US1,0.128,
380,1466706,1493088744,168_AHU4_CEV_RelPower,0.000,
381,1466707,1493088744,153D_AHU1_CEV_RelPos,48.680,
382,1466708,1493088745,153D_AHU1_CEV_RelFlow,19.621,
383,1466709,1493088745,153D_AHU1_CEV_AbsFlow_US,11.228,
384,1466710,1493088745,153D_AHU1_CEV_T1_US,44.302,
385,1466711,1493088745,153D_AHU1_CEV_DeltaT_US,13.161,
4,1466712,1493088745,136A_Ahu1_CEV_T1_US,43.114,
5,1466713,1493088745,136A_Ahu1_CEV_DeltaT_US,17.829,
386,1466714,1493088745,153D_AHU1_CEV_T2_US,57.463,
387,1466715,1493088746,153D_AHU1_CEV_AbsPower_US1,74.164,
388,1466716,1493088746,153D_AHU1_CEV_E_Cooling_US1,225120.125,
389,1466717,1493088746,153D_AHU1_CEV_E_Heating_US1,5724.011,
390,1466718,1493088746,153D_AHU1_CEV_RelPower,17.655,
36,1466719,1493088747,001_AHU118_CEV_T2_US,65.893,
391,1466720,1493088747,153D_AHU3_CEV_RelPos,51.690,
392,1466721,1493088747,153D_AHU3_CEV_RelFlow,16.881,
393,1466722,1493088748,153D_AHU3_CEV_AbsFlow_US,15.251,
394,1466723,1493088748,153D_AHU3_CEV_T1_US,44.159,
395,1466724,1493088748,153D_AHU3_CEV_DeltaT_US,15.226,
7,1466725,1493088748,136A_Ahu1_CEV_AbsPower_US1,0.000,
37,1466726,1493088748,001_AHU118_CEV_AbsPower_US1,28.273,
396,1466727,1493088749,153D_AHU3_CEV_T2_US,59.385,
397,1466728,1493088749,153D_AHU3_CEV_AbsPower_US1,116.742,
398,1466729,1493088749,153D_AHU3_CEV_E_Cooling_US1,605327.500,
399,1466730,1493088749,153D_AHU3_CEV_E_Heating_US1,3.015,
400,1466731,1493088749,153D_AHU3_CEV_RelPower,21.499,
401,1466732,1493088749,153D_AHU2_CEV_RelPos,23.700,
8,1466733,1493088749,136A_Ahu1_CEV_E_Cooling_US1,6264086.500,
38,1466734,1493088750,001_AHU118_CEV_E_Cooling_US1,620033.375,
402,1466735,1493088750,153D_AHU2_CEV_RelFlow,5.895,
403,1466736,1493088750,153D_AHU2_CEV_AbsFlow_US,7.475,
404,1466737,1493088750,153D_AHU2_CEV_T1_US,44.411,
405,1466738,1493088750,153D_AHU2_CEV_DeltaT_US,14.039,
406,1466739,1493088751,153D_AHU2_CEV_T2_US,58.454,
407,1466740,1493088751,153D_AHU2_CEV_AbsPower_US1,52.638,
408,1466741,1493088751,153D_AHU2_CEV_E_Cooling_US1,243439.141,
409,1466742,1493088751,153D_AHU2_CEV_E_Heating_US1,1751.859,
410,1466743,1493088751,153D_AHU2_CEV_RelPower,7.342,
39,1466744,1493088760,001_AHU118_CEV_E_Heating_US1,672.630,
9,1466745,1493088763,136A_Ahu1_CEV_E_Heating_US1,206.046,
40,1466746,1493088766,001_AHU118_CEV_RelPower,13.162,
41,1466747,1493088772,001_OAU_CEV_RelPos,55.270,
42,1466748,1493088778,001_OAU_CEV_RelFlow,54.747,
421,1466749,1493088781,153R_AHU1_CEV_RelPos,25.700,
422,1466750,1493088781,153R_AHU1_CEV_RelFlow,9.389,
423,1466751,1493088781,153R_AHU1_CEV_AbsFlow_US,6.501,
424,1466752,1493088781,153R_AHU1_CEV_T1_US,44.731,
425,1466753,1493088781,153R_AHU1_CEV_DeltaT_US,20.258,
10,1466754,1493088781,136A_Ahu1_CEV_RelPower,0.000,
44,1466755,1493088784,001_OAU_CEV_T1_US,44.330,
426,1466756,1493088784,153R_AHU1_CEV_T2_US,64.998,
427,1466757,1493088784,153R_AHU1_CEV_AbsPower_US1,65.378,
428,1466758,1493088784,153R_AHU1_CEV_E_Cooling_US1,82980.516,
45,1466759,1493088784,001_OAU_CEV_DeltaT_US,1.428,
429,1466760,1493088784,153R_AHU1_CEV_E_Heating_US1,171.224,
430,1466761,1493088785,153R_AHU1_CEV_RelPower,15.379,
431,1466762,1493088785,153R_AHU2_CEV_RelPos,13.780,
432,1466763,1493088785,153R_AHU2_CEV_RelFlow,2.052,
433,1466764,1493088785,153R_AHU2_CEV_AbsFlow_US,0.445,
46,1466765,1493088785,001_OAU_CEV_T2_US,45.772,
47,1466766,1493088785,001_OAU_CEV_AbsPower_US1,15.545,
48,1466767,1493088786,001_OAU_CEV_E_Cooling_US1,207786.297,
49,1466768,1493088786,001_OAU_CEV_E_Heating_US1,8.109,
50,1466769,1493088786,001_OAU_CEV_RelPower,3.726,
434,1466770,1493088786,153R_AHU2_CEV_T1_US,46.162,
51,1466771,1493088786,009_AHU2_CEV_RelPos,61.320,
435,1466772,1493088786,153R_AHU2_CEV_DeltaT_US,26.584,
436,1466773,1493088787,153R_AHU2_CEV_T2_US,72.741,
437,1466774,1493088787,153R_AHU2_CEV_AbsPower_US1,5.972,
438,1466775,1493088788,153R_AHU2_CEV_E_Cooling_US1,66842.406,
61,1466776,1493088788,009_AHU1R_CEV_RelPos,99.560,
439,1466777,1493088788,153R_AHU2_CEV_E_Heating_US1,11.194,
440,1466778,1493088788,153R_AHU2_CEV_RelPower,3.613,
441,1466779,1493088788,153R_CVAV_CEV_RelPos,29.550,
442,1466780,1493088789,153R_CVAV_CEV_RelFlow,13.247,
443,1466781,1493088789,153R_CVAV_CEV_AbsFlow_US,62.334,
62,1466782,1493088789,009_AHU1R_CEV_RelFlow,0.000,
63,1466783,1493088790,009_AHU1R_CEV_AbsFlow_US,0.000,
444,1466784,1493088790,153R_CVAV_CEV_T1_US,43.982,
445,1466785,1493088790,153R_CVAV_CEV_DeltaT_US,17.179,
446,1466786,1493088791,153R_CVAV_CEV_T2_US,61.156,
447,1466787,1493088791,153R_CVAV_CEV_AbsPower_US1,536.649,
448,1466788,1493088792,153R_CVAV_CEV_E_Cooling_US1,934371.813,
449,1466789,1493088792,153R_CVAV_CEV_E_Heating_US1,2431.064,
450,1466790,1493088792,153R_CVAV_CEV_RelPower,19.703,
64,1466791,1493088792,009_AHU1R_CEV_T1_US,73.796,
65,1466792,1493088793,009_AHU1R_CEV_DeltaT_US,2.234,
66,1466793,1493088793,009_AHU1R_CEV_T2_US,76.030,
451,1466794,1493088793,153F_AHU1_CEV_RelPos,35.370,
452,1466795,1493088793,153F_AHU1_CEV_RelFlow,9.909,
453,1466796,1493088793,153F_AHU1_CEV_AbsFlow_US,12.816,
67,1466797,1493088794,009_AHU1R_CEV_AbsPower_US1,0.000,
454,1466798,1493088794,153F_AHU1_CEV_T1_US,43.631,
455,1466799,1493088794,153F_AHU1_CEV_DeltaT_US,16.375,
456,1466800,1493088794,153F_AHU1_CEV_T2_US,60.005,
457,1466801,1493088794,153F_AHU1_CEV_AbsPower_US1,108.092,
458,1466802,1493088795,153F_AHU1_CEV_E_Cooling_US1,355359.375,
11,1466803,1493088795,136A_Ahu1_CEV_RelPos,82.940,
459,1466804,1493088795,153F_AHU1_CEV_E_Heating_US1,10.462,
460,1466805,1493088795,153F_AHU1_CEV_RelPower,10.265,
461,1466806,1493088795,153F_AHU2_CEV_RelPos,24.480,
462,1466807,1493088795,153F_AHU2_CEV_RelFlow,10.279,
463,1466808,1493088795,153F_AHU2_CEV_AbsFlow_US,8.472,
68,1466809,1493088796,009_AHU1R_CEV_E_Cooling_US1,327567.094,
464,1466810,1493088796,153F_AHU2_CEV_T1_US,43.705,
465,1466811,1493088796,153F_AHU2_CEV_DeltaT_US,14.343,
466,1466812,1493088796,153F_AHU2_CEV_T2_US,58.048,
467,1466813,1493088796,153F_AHU2_CEV_AbsPower_US1,60.919,
468,1466814,1493088797,153F_AHU2_CEV_E_Cooling_US1,305389.063,
469,1466815,1493088797,153F_AHU2_CEV_E_Heating_US1,21.333,
470,1466816,1493088797,153F_AHU2_CEV_RelPower,8.502,
471,1466817,1493088797,153F_AHU3_CEV_RelPos,47.690,
472,1466818,1493088797,153F_AHU3_CEV_RelFlow,17.489,
473,1466819,1493088797,153F_AHU3_CEV_AbsFlow_US,22.177,
12,1466820,1493088798,136A_Ahu1_CEV_RelFlow,48.812,
69,1466821,1493088798,009_AHU1R_CEV_E_Heating_US1,3.011,
70,1466822,1493088798,009_AHU1R_CEV_RelPower,0.000,
474,1466823,1493088798,153F_AHU3_CEV_T1_US,43.811,
475,1466824,1493088798,153F_AHU3_CEV_DeltaT_US,15.026,
476,1466825,1493088798,153F_AHU3_CEV_T2_US,58.842,
477,1466826,1493088799,153F_AHU3_CEV_AbsPower_US1,167.033,
478,1466827,1493088799,153F_AHU3_CEV_E_Cooling_US1,368659.438,
479,1466828,1493088799,153F_AHU3_CEV_E_Heating_US1,10.445,
480,1466829,1493088799,153F_AHU3_CEV_RelPower,23.283,
481,1466830,1493088799,153F_AHU4_CEV_RelPos,44.200,
482,1466831,1493088799,153F_AHU4_CEV_RelFlow,15.721,
483,1466832,1493088800,153F_AHU4_CEV_AbsFlow_US,19.935,
484,1466833,1493088800,153F_AHU4_CEV_T1_US,43.598,
13,1466834,1493088800,136A_Ahu1_CEV_AbsFlow_US,276.810,
485,1466835,1493088800,153F_AHU4_CEV_DeltaT_US,15.179,
486,1466836,1493088800,153F_AHU4_CEV_T2_US,58.772,
487,1466837,1493088800,153F_AHU4_CEV_AbsPower_US1,151.670,
488,1466838,1493088800,153F_AHU4_CEV_E_Cooling_US1,283148.469,
489,1466839,1493088801,153F_AHU4_CEV_E_Heating_US1,8.412,
490,1466840,1493088801,153F_AHU4_CEV_RelPower,21.141,
14,1466841,1493088801,136A_Ahu1_CEV_T1_US,43.465,
491,1466842,1493088801,153F_AHU5_CEV_RelPos,47.230,
492,1466843,1493088801,153F_AHU5_CEV_RelFlow,18.472,
493,1466844,1493088801,153F_AHU5_CEV_AbsFlow_US,23.423,
494,1466845,1493088801,153F_AHU5_CEV_T1_US,43.774,
15,1466846,1493088802,136A_Ahu1_CEV_DeltaT_US,14.703,
495,1466847,1493088802,153F_AHU5_CEV_DeltaT_US,15.373,
496,1466848,1493088802,153F_AHU5_CEV_T2_US,59.152,
497,1466849,1493088802,153F_AHU5_CEV_AbsPower_US1,180.481,
498,1466850,1493088802,153F_AHU5_CEV_E_Cooling_US1,336193.969,
499,1466851,1493088802,153F_AHU5_CEV_E_Heating_US1,33.688,
500,1466852,1493088803,153F_AHU5_CEV_RelPower,25.180,
501,1466853,1493088803,153F_AHU6_CEV_RelPos,30.300,
502,1466854,1493088803,153F_AHU6_CEV_RelFlow,9.236,
503,1466855,1493088803,153F_AHU6_CEV_AbsFlow_US,11.712,
504,1466856,1493088803,153F_AHU6_CEV_T1_US,43.668,
505,1466857,1493088803,153F_AHU6_CEV_DeltaT_US,12.792,
506,1466858,1493088803,153F_AHU6_CEV_T2_US,56.460,
507,1466859,1493088804,153F_AHU6_CEV_AbsPower_US1,73.531,
508,1466860,1493088804,153F_AHU6_CEV_E_Cooling_US1,312472.500,
509,1466861,1493088804,153F_AHU6_CEV_E_Heating_US1,3.019,
510,1466862,1493088804,153F_AHU6_CEV_RelPower,10.256,
511,1466863,1493088804,022_AHU329_CEV_RelPos,100.000,
512,1466864,1493088804,022_AHU329_CEV_RelFlow,0.000,
513,1466865,1493088805,022_AHU329_CEV_AbsFlow_US,0.000,
514,1466866,1493088805,022_AHU329_CEV_T1_US,75.095,
515,1466867,1493088805,022_AHU329_CEV_DeltaT_US,4.062,
516,1466868,1493088805,022_AHU329_CEV_T2_US,79.157,
517,1466869,1493088805,022_AHU329_CEV_AbsPower_US1,0.000,
16,1466870,1493088805,136A_Ahu1_CEV_T2_US,56.908,
518,1466871,1493088805,022_AHU329_CEV_E_Cooling_US1,102228.172,
519,1466872,1493088806,022_AHU329_CEV_E_Heating_US1,4.444,
520,1466873,1493088806,022_AHU329_CEV_RelPower,0.000,
521,1466874,1493088806,022_BCU1_CEV_RelPos,0.000,
522,1466875,1493088806,022_BCU1_CEV_RelFlow,0.000,
523,1466876,1493088806,022_BCU1_CEV_AbsFlow_US,0.000,
524,1466877,1493088807,022_BCU1_CEV_T1_US,62.463,
525,1466878,1493088807,022_BCU1_CEV_DeltaT_US,10.320,
526,1466879,1493088807,022_BCU1_CEV_T2_US,72.783,
527,1466880,1493088807,022_BCU1_CEV_AbsPower_US1,0.000,
528,1466881,1493088807,022_BCU1_CEV_E_Cooling_US1,29911.947,
530,1466882,1493088810,022_BCU1_CEV_RelPower,0.000,
531,1466883,1493088810,022_BCU2_CEV_RelPos,21.890,
532,1466884,1493088810,022_BCU2_CEV_RelFlow,6.268,
533,1466885,1493088810,022_BCU2_CEV_AbsFlow_US,0.778,
534,1466886,1493088811,022_BCU2_CEV_T1_US,47.311,
535,1466887,1493088811,022_BCU2_CEV_DeltaT_US,20.104,
536,1466888,1493088811,022_BCU2_CEV_T2_US,67.415,
537,1466889,1493088811,022_BCU2_CEV_AbsPower_US1,7.738,
538,1466890,1493088811,022_BCU2_CEV_E_Cooling_US1,64589.738,
17,1466891,1493088811,136A_Ahu1_CEV_AbsPower_US1,1617.919,
539,1466892,1493088811,022_BCU2_CEV_E_Heating_US1,51.278,
540,1466893,1493088812,022_BCU2_CEV_RelPower,7.463,
541,1466894,1493088812,108_RTU1_CEV_RelPos,24.030,
542,1466895,1493088812,108_RTU1_CEV_RelFlow,2.116,
543,1466896,1493088812,108_RTU1_CEV_AbsFlow_US,1.043,
545,1466897,1493088815,108_RTU1_CEV_DeltaT_US,20.606,
546,1466898,1493088816,108_RTU1_CEV_T2_US,67.127,
547,1466899,1493088816,108_RTU1_CEV_AbsPower_US1,11.118,
548,1466900,1493088816,108_RTU1_CEV_E_Cooling_US1,334096.813,
18,1466901,1493088816,136A_Ahu1_CEV_E_Cooling_US1,4994901.000,
549,1466902,1493088816,108_RTU1_CEV_E_Heating_US1,21.297,
550,1466903,1493088817,108_RTU1_CEV_RelPower,2.633,
551,1466904,1493088817,108_CHWSL1_CEV_RelPos,100.000,
552,1466905,1493088817,108_CHWSL1_CEV_RelFlow,8.526,
553,1466906,1493088817,108_CHWSL1_CEV_AbsFlow_US,3.379,
555,1466907,1493088820,108_CHWSL1_CEV_DeltaT_US,13.078,
556,1466908,1493088820,108_CHWSL1_CEV_T2_US,58.916,
557,1466909,1493088820,108_CHWSL1_CEV_AbsPower_US1,22.169,
19,1466910,1493088820,136A_Ahu1_CEV_E_Heating_US1,19753.918,
558,1466911,1493088821,108_CHWSL1_CEV_E_Cooling_US1,178404.969,
559,1466912,1493088821,108_CHWSL1_CEV_E_Heating_US1,23.750,
560,1466913,1493088821,108_CHWSL1_CEV_RelPower,10.202,
561,1466914,1493088821,108_CHWSL2_CEV_RelPos,100.000,
562,1466915,1493088821,108_CHWSL2_CEV_RelFlow,5.644,
563,1466916,1493088822,108_CHWSL2_CEV_AbsFlow_US,2.791,
564,1466917,1493088822,108_CHWSL2_CEV_T1_US,45.308,
565,1466918,1493088822,108_CHWSL2_CEV_DeltaT_US,5.624,
566,1466919,1493088822,108_CHWSL2_CEV_T2_US,50.932,
567,1466920,1493088823,108_CHWSL2_CEV_AbsPower_US1,7.924,
568,1466921,1493088823,108_CHWSL2_CEV_E_Cooling_US1,130536.984,
569,1466922,1493088823,108_CHWSL2_CEV_E_Heating_US1,1.385,
570,1466923,1493088823,108_CHWSL2_CEV_RelPower,1.886,
571,1466924,1493088823,108_CHWSL3_CEV_RelPos,100.000,
572,1466925,1493088824,108_CHWSL3_CEV_RelFlow,1.746,
573,1466926,1493088824,108_CHWSL3_CEV_AbsFlow_US,0.855,
574,1466927,1493088824,108_CHWSL3_CEV_T1_US,50.565,
575,1466928,1493088824,108_CHWSL3_CEV_DeltaT_US,13.167,
576,1466929,1493088824,108_CHWSL3_CEV_T2_US,63.736,
577,1466930,1493088824,108_CHWSL3_CEV_AbsPower_US1,5.677,
578,1466931,1493088824,108_CHWSL3_CEV_E_Cooling_US1,97461.711,
579,1466932,1493088825,108_CHWSL3_CEV_E_Heating_US1,3897.182,
580,1466933,1493088825,108_CHWSL3_CEV_RelPower,1.355,
20,1466934,1493088834,136A_Ahu1_CEV_RelPower,19.255,
591,1466935,1493088855,108_CHWSL5_CEV_RelPos,100.000,
592,1466936,1493088855,108_CHWSL5_CEV_RelFlow,3.238,
593,1466937,1493088855,108_CHWSL5_CEV_AbsFlow_US,1.295,
594,1466938,1493088855,108_CHWSL5_CEV_T1_US,45.345,
595,1466939,1493088856,108_CHWSL5_CEV_DeltaT_US,2.536,
596,1466940,1493088856,108_CHWSL5_CEV_T2_US,47.876,
597,1466941,1493088856,108_CHWSL5_CEV_AbsPower_US1,1.626,
598,1466942,1493088856,108_CHWSL5_CEV_E_Cooling_US1,84603.547,
599,1466943,1493088856,108_CHWSL5_CEV_E_Heating_US1,2.132,
600,1466944,1493088856,108_CHWSL5_CEV_RelPower,0.729,
601,1466945,1493088857,108_CHWSL6_CEV_RelPos,100.000,
602,1466946,1493088857,108_CHWSL6_CEV_RelFlow,33.976,
603,1466947,1493088857,108_CHWSL6_CEV_AbsFlow_US,13.463,
604,1466948,1493088857,108_CHWSL6_CEV_T1_US,44.814,
605,1466949,1493088857,108_CHWSL6_CEV_DeltaT_US,4.627,
606,1466950,1493088857,108_CHWSL6_CEV_T2_US,49.446,
607,1466951,1493088857,108_CHWSL6_CEV_AbsPower_US1,31.385,
608,1466952,1493088858,108_CHWSL6_CEV_E_Cooling_US1,498179.344,
609,1466953,1493088858,108_CHWSL6_CEV_E_Heating_US1,32.216,
610,1466954,1493088858,108_CHWSL6_CEV_RelPower,14.622,
611,1466955,1493088858,031_CV1_CEV_RelPos,100.000,
612,1466956,1493088858,031_CV1_CEV_RelFlow,85.615,
613,1466957,1493088858,031_CV1_CEV_AbsFlow_US,115.347,
614,1466958,1493088859,031_CV1_CEV_T1_US,43.215,
615,1466959,1493088859,031_CV1_CEV_DeltaT_US,6.622,
616,1466960,1493088859,031_CV1_CEV_T2_US,49.837,
617,1466961,1493088859,031_CV1_CEV_AbsPower_US1,382.038,
618,1466962,1493088859,031_CV1_CEV_E_Cooling_US1,1634008.750,
619,1466963,1493088859,031_CV1_CEV_E_Heating_US1,289.632,
620,1466964,1493088860,031_CV1_CEV_RelPower,37.288,
621,1466965,1493088860,031_VAV2_CEV_RelPos,42.390,
622,1466966,1493088860,031_VAV2_CEV_RelFlow,15.359,
623,1466967,1493088860,031_VAV2_CEV_AbsFlow_US,10.400,
624,1466968,1493088860,031_VAV2_CEV_T1_US,44.131,
625,1466969,1493088860,031_VAV2_CEV_DeltaT_US,16.269,
626,1466970,1493088860,031_VAV2_CEV_T2_US,60.401,
627,1466971,1493088861,031_VAV2_CEV_AbsPower_US1,83.709,
628,1466972,1493088861,031_VAV2_CEV_E_Cooling_US1,613838.688,
629,1466973,1493088861,031_VAV2_CEV_E_Heating_US1,53.736,
630,1466974,1493088861,031_VAV2_CEV_RelPower,20.057,
631,1466975,1493088861,031_CV2_CEV_RelPos,0.000,
632,1466976,1493088862,031_CV2_CEV_RelFlow,0.000,
633,1466977,1493088862,031_CV2_CEV_AbsFlow_US,0.000,
634,1466978,1493088862,031_CV2_CEV_T1_US,53.939,
635,1466979,1493088862,031_CV2_CEV_DeltaT_US,15.601,
636,1466980,1493088862,031_CV2_CEV_T2_US,69.535,
637,1466981,1493088863,031_CV2_CEV_AbsPower_US1,0.000,
638,1466982,1493088863,031_CV2_CEV_E_Cooling_US1,245027.828,
639,1466983,1493088863,031_CV2_CEV_E_Heating_US1,97.037,
640,1466984,1493088863,031_CV2_CEV_RelPower,0.000,
641,1466985,1493088863,031_CV3_CEV_RelPos,21.530,
642,1466986,1493088863,031_CV3_CEV_RelFlow,4.373,
643,1466987,1493088863,031_CV3_CEV_AbsFlow_US,2.961,
645,1466988,1493088867,031_CV3_CEV_DeltaT_US,20.172,
646,1466989,1493088867,031_CV3_CEV_T2_US,64.557,
647,1466990,1493088867,031_CV3_CEV_AbsPower_US1,30.011,
648,1466991,1493088867,031_CV3_CEV_E_Cooling_US1,491178.188,
649,1466992,1493088867,031_CV3_CEV_E_Heating_US1,36.578,
650,1466993,1493088867,031_CV3_CEV_RelPower,7.127,
651,1466994,1493088868,031_CV4_CEV_RelPos,50.520,
652,1466995,1493088868,031_CV4_CEV_RelFlow,23.451,
653,1466996,1493088868,031_CV4_CEV_AbsFlow_US,21.338,
654,1466997,1493088868,031_CV4_CEV_T1_US,43.660,
655,1466998,1493088868,031_CV4_CEV_DeltaT_US,14.582,
656,1466999,1493088869,031_CV4_CEV_T2_US,58.243,
657,1467000,1493088869,031_CV4_CEV_AbsPower_US1,152.077,
658,1467001,1493088869,031_CV4_CEV_E_Cooling_US1,652803.938,
659,1467002,1493088869,031_CV4_CEV_E_Heating_US1,73.736,
660,1467003,1493088869,031_CV4_CEV_RelPower,27.896,
661,1467004,1493088869,031_CV5_CEV_RelPos,0.000,
662,1467005,1493088869,031_CV5_CEV_RelFlow,0.000,
663,1467006,1493088870,031_CV5_CEV_AbsFlow_US,0.000,
664,1467007,1493088870,031_CV5_CEV_T1_US,50.094,
665,1467008,1493088870,031_CV5_CEV_DeltaT_US,19.817,
666,1467009,1493088870,031_CV5_CEV_T2_US,69.916,
667,1467010,1493088870,031_CV5_CEV_AbsPower_US1,0.000,
668,1467011,1493088871,031_CV5_CEV_E_Cooling_US1,389771.125,
669,1467012,1493088871,031_CV5_CEV_E_Heating_US1,122.634,
670,1467013,1493088871,031_CV5_CEV_RelPower,0.000,
671,1467014,1493088871,031_VAV3_CEV_RelPos,28.090,
672,1467015,1493088871,031_VAV3_CEV_RelFlow,12.970,
673,1467016,1493088872,031_VAV3_CEV_AbsFlow_US,16.446,
674,1467017,1493088872,031_VAV3_CEV_T1_US,43.285,
675,1467018,1493088872,031_VAV3_CEV_DeltaT_US,20.859,
676,1467019,1493088872,031_VAV3_CEV_T2_US,64.143,
677,1467020,1493088872,031_VAV3_CEV_AbsPower_US1,171.785,
678,1467021,1493088873,031_VAV3_CEV_E_Cooling_US1,674543.500,
679,1467022,1493088873,031_VAV3_CEV_E_Heating_US1,2.051,
680,1467023,1493088873,031_VAV3_CEV_RelPower,23.590,
681,1467024,1493088873,031_EXG1_CEV_RelPos,100.000,
682,1467025,1493088873,031_EXG1_CEV_RelFlow,102.791,
683,1467026,1493088873,031_EXG1_CEV_AbsFlow_US,138.488,
684,1467027,1493088874,031_EXG1_CEV_T1_US,43.049,
685,1467028,1493088874,031_EXG1_CEV_DeltaT_US,3.331,
686,1467029,1493088874,031_EXG1_CEV_T2_US,46.380,
687,1467030,1493088874,031_EXG1_CEV_AbsPower_US1,231.155,
688,1467031,1493088874,031_EXG1_CEV_E_Cooling_US1,1200560.875,
689,1467032,1493088875,031_EXG1_CEV_E_Heating_US1,35.780,
690,1467033,1493088875,031_EXG1_CEV_RelPower,22.503,
691,1467034,1493088875,031_EXG2_CEV_RelPos,27.190,
692,1467035,1493088875,031_EXG2_CEV_RelFlow,13.476,
693,1467036,1493088876,031_EXG2_CEV_AbsFlow_US,18.157,
694,1467037,1493088876,031_EXG2_CEV_T1_US,43.225,
695,1467038,1493088876,031_EXG2_CEV_DeltaT_US,19.815,
696,1467039,1493088876,031_EXG2_CEV_T2_US,63.039,
697,1467040,1493088876,031_EXG2_CEV_AbsPower_US1,180.198,
698,1467041,1493088877,031_EXG2_CEV_E_Cooling_US1,1482018.125,
699,1467042,1493088877,031_EXG2_CEV_E_Heating_US1,234.006,
700,1467043,1493088877,031_EXG2_CEV_RelPower,17.588,
711,1467044,1493088907,034_AHU1_CEV_RelPos,0.000,
712,1467045,1493088907,034_AHU1_CEV_RelFlow,0.000,
713,1467046,1493088907,034_AHU1_CEV_AbsFlow_US,0.000,
714,1467047,1493088907,034_AHU1_CEV_T1_US,70.428,
715,1467048,1493088908,034_AHU1_CEV_DeltaT_US,10.074,
716,1467049,1493088908,034_AHU1_CEV_T2_US,60.354,
717,1467050,1493088908,034_AHU1_CEV_AbsPower_US1,0.000,
718,1467051,1493088908,034_AHU1_CEV_E_Cooling_US1,51040.613,
719,1467052,1493088908,034_AHU1_CEV_E_Heating_US1,78010.305,
721,1467053,1493088911,074_AHU1_CEV_RelPos,44.100,
722,1467054,1493088911,074_AHU1_CEV_RelFlow,38.577,
723,1467055,1493088911,074_AHU1_CEV_AbsFlow_US,11.428,
724,1467056,1493088911,074_AHU1_CEV_T1_US,46.282,
725,1467057,1493088911,074_AHU1_CEV_DeltaT_US,7.996,
726,1467058,1493088912,074_AHU1_CEV_T2_US,54.283,
727,1467059,1493088912,074_AHU1_CEV_AbsPower_US1,45.523,
728,1467060,1493088912,074_AHU1_CEV_E_Cooling_US1,257483.813,
729,1467061,1493088912,074_AHU1_CEV_E_Heating_US1,1123.891,
730,1467062,1493088912,074_AHU1_CEV_RelPower,21.211,
734,1467063,1493088916,041_AHU1_CEV_T1_US,43.285,
735,1467064,1493088916,041_AHU1_CEV_DeltaT_US,17.004,
736,1467065,1493088916,041_AHU1_CEV_T2_US,60.288,
737,1467066,1493088917,041_AHU1_CEV_AbsPower_US1,178.308,
738,1467067,1493088917,041_AHU1_CEV_E_Cooling_US1,949915.500,
739,1467068,1493088917,041_AHU1_CEV_E_Heating_US1,2739.214,
740,1467069,1493088918,041_AHU1_CEV_RelPower,10.237,
741,1467070,1493088918,041_AHU2_CEV_RelPos,0.440,
742,1467071,1493088918,041_AHU2_CEV_RelFlow,0.000,
743,1467072,1493088918,041_AHU2_CEV_AbsFlow_US,0.000,
744,1467073,1493088918,041_AHU2_CEV_T1_US,999.900,
745,1467074,1493088919,041_AHU2_CEV_DeltaT_US,1766.070,
746,1467075,1493088919,041_AHU2_CEV_T2_US,65.750,
747,1467076,1493088919,041_AHU2_CEV_AbsPower_US1,0.000,
748,1467077,1493088919,041_AHU2_CEV_E_Cooling_US1,0.000,
750,1467078,1493088919,041_AHU2_CEV_RelPower,0.000,
751,1467079,1493088920,041_AHU9_CEV_RelPos,71.110,
752,1467080,1493088920,041_AHU9_CEV_RelFlow,95.030,
753,1467081,1493088921,041_AHU9_CEV_AbsFlow_US,19.250,
754,1467082,1493088921,041_AHU9_CEV_T1_US,43.346,
755,1467083,1493088921,041_AHU9_CEV_DeltaT_US,5.255,
756,1467084,1493088921,041_AHU9_CEV_T2_US,48.601,
757,1467085,1493088921,041_AHU9_CEV_AbsPower_US1,51.297,
758,1467086,1493088921,041_AHU9_CEV_E_Cooling_US1,69093.914,
759,1467087,1493088922,041_AHU9_CEV_E_Heating_US1,0.254,
760,1467088,1493088922,041_AHU9_CEV_RelPower,30.994,
761,1467089,1493088922,041_AHU3_CEV_RelPos,19.060,
762,1467090,1493088922,041_AHU3_CEV_RelFlow,2.284,
763,1467091,1493088922,041_AHU3_CEV_AbsFlow_US,6.155,
764,1467092,1493088922,041_AHU3_CEV_T1_US,43.580,
765,1467093,1493088922,041_AHU3_CEV_DeltaT_US,23.658,
766,1467094,1493088923,041_AHU3_CEV_T2_US,67.238,
767,1467095,1493088923,041_AHU3_CEV_AbsPower_US1,72.868,
768,1467096,1493088923,041_AHU3_CEV_E_Cooling_US1,1427481.375,
769,1467097,1493088923,041_AHU3_CEV_E_Heating_US1,0.007,
770,1467098,1493088923,041_AHU3_CEV_RelPower,4.184,
771,1467099,1493088923,041_AHU4_CEV_RelPos,53.260,
772,1467100,1493088923,041_AHU4_CEV_RelFlow,24.985,
773,1467101,1493088924,041_AHU4_CEV_AbsFlow_US,19.986,
774,1467102,1493088924,041_AHU4_CEV_T1_US,43.660,
775,1467103,1493088924,041_AHU4_CEV_DeltaT_US,12.168,
776,1467104,1493088924,041_AHU4_CEV_T2_US,55.829,
777,1467105,1493088925,041_AHU4_CEV_AbsPower_US1,122.220,
778,1467106,1493088925,041_AHU4_CEV_E_Cooling_US1,450046.219,
779,1467107,1493088925,041_AHU4_CEV_E_Heating_US1,3.451,
780,1467108,1493088925,041_AHU4_CEV_RelPower,22.187,
781,1467109,1493088925,041_AHU5_CEV_RelPos,0.000,
782,1467110,1493088926,041_AHU5_CEV_RelFlow,0.000,
788,1467111,1493088932,041_AHU5_CEV_E_Cooling_US1,138633.969,
789,1467112,1493088932,041_AHU5_CEV_E_Heating_US1,24.524,
790,1467113,1493088932,041_AHU5_CEV_RelPower,0.000,
791,1467114,1493088932,041_AHU6_CEV_RelPos,85.540,
792,1467115,1493088933,041_AHU6_CEV_RelFlow,97.273,
793,1467116,1493088933,041_AHU6_CEV_AbsFlow_US,34.305,
794,1467117,1493088933,041_AHU6_CEV_T1_US,43.443,
795,1467118,1493088933,041_AHU6_CEV_DeltaT_US,0.602,
796,1467119,1493088933,041_AHU6_CEV_T2_US,44.046,
797,1467120,1493088934,041_AHU6_CEV_AbsPower_US1,10.327,
798,1467121,1493088934,041_AHU6_CEV_E_Cooling_US1,136232.219,
799,1467122,1493088934,041_AHU6_CEV_E_Heating_US1,12.359,
800,1467123,1493088934,041_AHU6_CEV_RelPower,4.800,
801,1467124,1493088934,071_AHU1_CEV_RelPos,0.000,
802,1467125,1493088934,071_AHU1_CEV_RelFlow,0.000,
803,1467126,1493088934,071_AHU1_CEV_AbsFlow_US,0.000,
805,1467127,1493088938,071_AHU1_CEV_DeltaT_US,1.428,
806,1467128,1493088938,071_AHU1_CEV_T2_US,58.958,
807,1467129,1493088938,071_AHU1_CEV_AbsPower_US1,0.000,
808,1467130,1493088938,071_AHU1_CEV_E_Cooling_US1,67865.258,
809,1467131,1493088938,071_AHU1_CEV_E_Heating_US1,35.325,
810,1467132,1493088938,071_AHU1_CEV_RelPower,0.000,
811,1467133,1493088939,071_AHU2_CEV_RelPos,0.000,
812,1467134,1493088939,071_AHU2_CEV_RelFlow,0.000,
813,1467135,1493088939,071_AHU2_CEV_AbsFlow_US,0.000,
814,1467136,1493088939,071_AHU2_CEV_T1_US,54.691,
815,1467137,1493088939,071_AHU2_CEV_DeltaT_US,5.250,
816,1467138,1493088939,071_AHU2_CEV_T2_US,59.941,
817,1467139,1493088940,071_AHU2_CEV_AbsPower_US1,0.000,
818,1467140,1493088940,071_AHU2_CEV_E_Cooling_US1,24606.049,
819,1467141,1493088940,071_AHU2_CEV_E_Heating_US1,3.619,
820,1467142,1493088940,071_AHU2_CEV_RelPower,0.000,
821,1467143,1493088940,071_AHU7_CEV_RelPos,0.000,
822,1467144,1493088940,071_AHU7_CEV_RelFlow,0.000,
823,1467145,1493088941,071_AHU7_CEV_AbsFlow_US,0.000,
824,1467146,1493088941,071_AHU7_CEV_T1_US,49.910,
825,1467147,1493088941,071_AHU7_CEV_DeltaT_US,20.317,
826,1467148,1493088941,071_AHU7_CEV_T2_US,70.222,
827,1467149,1493088942,071_AHU7_CEV_AbsPower_US1,0.000,
828,1467150,1493088942,071_AHU7_CEV_E_Cooling_US1,5474.782,
829,1467151,1493088942,071_AHU7_CEV_E_Heating_US1,0.803,
830,1467152,1493088942,071_AHU7_CEV_RelPower,0.000,
831,1467153,1493088942,020_AHU1_CEV_RelPos,33.030,
832,1467154,1493088942,020_AHU1_CEV_RelFlow,21.849,
833,1467155,1493088942,020_AHU1_CEV_AbsFlow_US,43.697,
834,1467156,1493088943,020_AHU1_CEV_T1_US,43.515,
835,1467157,1493088943,020_AHU1_CEV_DeltaT_US,13.282,
836,1467158,1493088943,020_AHU1_CEV_T2_US,56.797,
837,1467159,1493088943,020_AHU1_CEV_AbsPower_US1,286.925,
838,1467160,1493088943,020_AHU1_CEV_E_Cooling_US1,3180618.250,
839,1467161,1493088943,020_AHU1_CEV_E_Heating_US1,115.445,
840,1467162,1493088944,020_AHU1_CEV_RelPower,16.473,
841,1467163,1493088944,02_AHU2_CEV_RelPos,34.030,
842,1467164,1493088944,02_AHU2_CEV_RelFlow,18.904,
843,1467165,1493088944,02_AHU2_CEV_AbsFlow_US,45.544,
844,1467166,1493088944,02_AHU2_CEV_T1_US,43.331,
845,1467167,1493088944,02_AHU2_CEV_DeltaT_US,14.269,
846,1467168,1493088944,02_AHU2_CEV_T2_US,57.596,
847,1467169,1493088945,02_AHU2_CEV_AbsPower_US1,325.837,
848,1467170,1493088945,02_AHU2_CEV_E_Cooling_US1,1506649.375,
849,1467171,1493088945,02_AHU2_CEV_E_Heating_US1,1860.367,
850,1467172,1493088945,02_AHU2_CEV_RelPower,18.714,
851,1467173,1493088945,133_AHU1_CEV_RelPos,0.000,
852,1467174,1493088945,133_AHU1_CEV_RelFlow,0.000,
853,1467175,1493088945,133_AHU1_CEV_AbsFlow_US,0.000,
854,1467176,1493088946,133_AHU1_CEV_T1_US,56.217,
855,1467177,1493088946,133_AHU1_CEV_DeltaT_US,12.784,
856,1467178,1493088946,133_AHU1_CEV_T2_US,69.001,
857,1467179,1493088946,133_AHU1_CEV_AbsPower_US1,0.000,
858,1467180,1493088946,133_AHU1_CEV_E_Cooling_US1,1154855.375,
859,1467181,1493088946,133_AHU1_CEV_E_Heating_US1,11501.633,
860,1467182,1493088947,133_AHU1_CEV_RelPower,0.000,
861,1467183,1493088947,133_AHU2_CEV_RelPos,0.000,
862,1467184,1493088947,133_AHU2_CEV_RelFlow,0.000,
863,1467185,1493088947,133_AHU2_CEV_AbsFlow_US,0.000,
864,1467186,1493088947,133_AHU2_CEV_T1_US,57.112,
865,1467187,1493088948,133_AHU2_CEV_DeltaT_US,13.739,
866,1467188,1493088948,133_AHU2_CEV_T2_US,70.852,
867,1467189,1493088948,133_AHU2_CEV_AbsPower_US1,0.000,
868,1467190,1493088948,133_AHU2_CEV_E_Cooling_US1,785527.438,
869,1467191,1493088948,133_AHU2_CEV_E_Heating_US1,0.767,
870,1467192,1493088948,133_AHU2_CEV_RelPower,0.000,
871,1467193,1493088948,133_AHU3_CEV_RelPos,20.970,
872,1467194,1493088949,133_AHU3_CEV_RelFlow,13.823,
873,1467195,1493088949,133_AHU3_CEV_AbsFlow_US,30.688,
874,1467196,1493088949,133_AHU3_CEV_T1_US,43.672,
875,1467197,1493088950,133_AHU3_CEV_DeltaT_US,17.604,
876,1467198,1493088950,133_AHU3_CEV_T2_US,61.263,
877,1467199,1493088950,133_AHU3_CEV_AbsPower_US1,270.523,
878,1467200,1493088950,133_AHU3_CEV_E_Cooling_US1,1917243.750,
879,1467201,1493088950,133_AHU3_CEV_E_Heating_US1,1.526,
880,1467202,1493088951,133_AHU3_CEV_RelPower,9.782,
881,1467203,1493088951,133_AHU4_CEV_RelPos,46.120,
882,1467204,1493088951,133_AHU4_CEV_RelFlow,29.836,
883,1467205,1493088951,133_AHU4_CEV_AbsFlow_US,48.773,
884,1467206,1493088951,133_AHU4_CEV_T1_US,43.926,
885,1467207,1493088951,133_AHU4_CEV_DeltaT_US,9.866,
886,1467208,1493088952,133_AHU4_CEV_T2_US,53.792,
887,1467209,1493088952,133_AHU4_CEV_AbsPower_US1,241.533,
888,1467210,1493088952,133_AHU4_CEV_E_Cooling_US1,906533.438,
889,1467211,1493088952,133_AHU4_CEV_E_Heating_US1,6.659,
890,1467212,1493088952,133_AHU4_CEV_RelPower,23.585,
891,1467213,1493088953,133_AHU5_CEV_RelPos,0.000,
892,1467214,1493088953,133_AHU5_CEV_RelFlow,0.000,
893,1467215,1493088954,133_AHU5_CEV_AbsFlow_US,0.000,
894,1467216,1493088954,133_AHU5_CEV_T1_US,45.728,
895,1467217,1493088954,133_AHU5_CEV_DeltaT_US,26.386,
896,1467218,1493088954,133_AHU5_CEV_T2_US,72.114,
897,1467219,1493088954,133_AHU5_CEV_AbsPower_US1,0.000,
898,1467220,1493088954,133_AHU5_CEV_E_Cooling_US1,3495.093,
899,1467221,1493088955,133_AHU5_CEV_E_Heating_US1,1.135,
900,1467222,1493088955,133_AHU5_CEV_RelPower,0.000,
901,1467223,1493088955,133_AHU1E_CEV_RelPos,100.000,
902,1467224,1493088955,133_AHU1E_CEV_RelFlow,97.131,
903,1467225,1493088955,133_AHU1E_CEV_AbsFlow_US,158.781,
904,1467226,1493088956,133_AHU1E_CEV_T1_US,43.197,
905,1467227,1493088956,133_AHU1E_CEV_DeltaT_US,3.202,
906,1467228,1493088956,133_AHU1E_CEV_T2_US,46.399,
907,1467229,1493088956,133_AHU1E_CEV_AbsPower_US1,255.394,
908,1467230,1493088956,133_AHU1E_CEV_E_Cooling_US1,1267780.500,
909,1467231,1493088957,133_AHU1E_CEV_E_Heating_US1,3.097,
910,1467232,1493088957,133_AHU1E_CEV_RelPower,24.891,
911,1467233,1493088957,133_AHU2E_CEV_RelPos,49.340,
912,1467234,1493088957,133_AHU2E_CEV_RelFlow,30.054,
913,1467235,1493088958,133_AHU2E_CEV_AbsFlow_US,48.773,
914,1467236,1493088958,133_AHU2E_CEV_T1_US,43.446,
915,1467237,1493088958,133_AHU2E_CEV_DeltaT_US,4.032,
916,1467238,1493088958,133_AHU2E_CEV_T2_US,47.479,
917,1467239,1493088958,133_AHU2E_CEV_AbsPower_US1,98.785,
918,1467240,1493088958,133_AHU2E_CEV_E_Cooling_US1,354199.906,
919,1467241,1493088959,133_AHU2E_CEV_E_Heating_US1,2.264,
920,1467242,1493088959,133_AHU2E_CEV_RelPower,9.642,
921,1467243,1493088959,082_RTU1E_CEV_RelPos,53.610,
922,1467244,1493088959,082_RTU1E_CEV_RelFlow,26.160,
923,1467245,1493088959,082_RTU1E_CEV_AbsFlow_US,46.993,
924,1467246,1493088959,082_RTU1E_CEV_T1_US,43.072,
925,1467247,1493088959,082_RTU1E_CEV_DeltaT_US,11.020,
926,1467248,1493088960,082_RTU1E_CEV_T2_US,54.092,
927,1467249,1493088960,082_RTU1E_CEV_AbsPower_US1,259.824,
928,1467250,1493088960,082_RTU1E_CEV_E_Cooling_US1,513314.656,
929,1467251,1493088960,082_RTU1E_CEV_E_Heating_US1,5491.188,
930,1467252,1493088960,082_RTU1E_CEV_RelPower,25.349,
931,1467253,1493088960,082_RTU1E_CEV_RelPos,55.460,
932,1467254,1493088960,082_RTU1E_CEV_RelFlow,19.224,
934,1467255,1493088963,082_RTU1E_CEV_T1_US,43.668,
935,1467256,1493088963,082_RTU1E_CEV_DeltaT_US,13.526,
936,1467257,1493088963,082_RTU1E_CEV_T2_US,57.194,
937,1467258,1493088963,082_RTU1E_CEV_AbsPower_US1,246.277,
938,1467259,1493088963,082_RTU1E_CEV_E_Cooling_US1,157606.219,
939,1467260,1493088964,082_RTU1E_CEV_E_Heating_US1,249.669,
940,1467261,1493088964,082_RTU1E_CEV_RelPower,24.281,
941,1467262,1493088965,102_AHU1L_CEV_RelPos,68.810,
942,1467263,1493088966,102_AHU1L_CEV_RelFlow,98.636,
943,1467264,1493088968,102_AHU1L_CEV_AbsFlow_US,9.855,
944,1467265,1493088968,102_AHU1L_CEV_T1_US,43.859,
945,1467266,1493088969,102_AHU1L_CEV_DeltaT_US,6.330,
946,1467267,1493088969,102_AHU1L_CEV_T2_US,50.184,
947,1467268,1493088969,102_AHU1L_CEV_AbsPower_US1,31.252,
948,1467269,1493088969,102_AHU1L_CEV_E_Cooling_US1,17921.008,
949,1467270,1493088969,102_AHU1L_CEV_E_Heating_US1,6.246,
950,1467271,1493088970,102_AHU1L_CEV_RelPower,51.031,
951,1467272,1493088971,102_AHU2L_CEV_RelPos,29.480,
952,1467273,1493088971,102_AHU2L_CEV_RelFlow,22.590,
953,1467274,1493088972,102_AHU2L_CEV_AbsFlow_US,2.927,
954,1467275,1493088973,102_AHU2L_CEV_T1_US,44.380,
955,1467276,1493088974,102_AHU2L_CEV_DeltaT_US,18.159,
956,1467277,1493088974,102_AHU2L_CEV_T2_US,62.539,
957,1467278,1493088974,102_AHU2L_CEV_AbsPower_US1,26.564,
958,1467279,1493088975,102_AHU2L_CEV_E_Cooling_US1,14479.530,
959,1467280,1493088975,102_AHU2L_CEV_E_Heating_US1,19.036,
960,1467281,1493088976,102_AHU2L_CEV_RelPower,25.738,
981,1467282,1493089036,161_VAVE_CECVRelPos,24.220,
982,1467283,1493089036,161_VAVE_CECVRelFlow,6.583,
983,1467284,1493089036,161_VAVE_CECVAbsFlow_US,32.606,
984,1467285,1493089036,161_VAVE_CECVT1_US,42.892,
985,1467286,1493089036,161_VAVE_CECVDeltaT_US,9.031,
986,1467287,1493089037,161_VAVE_CECVT2_US,51.919,
987,1467288,1493089037,161_VAVE_CECVAbsPower_US1,147.794,
988,1467289,1493089037,161_VAVE_CECVE_Cooling_US1,258784.891,
989,1467290,1493089037,161_VAVE_CECVE_Heating_US1,16.731,
990,1467291,1493089037,161_VAVE_CECVRelPower,5.343,
991,1467292,1493089037,161_VAVC_CEV_1RelPos,35.180,
992,1467293,1493089038,161_VAVC_CEV_1RelFlow,12.139,
993,1467294,1493089038,161_VAVC_CEV_1AbsFlow_US,86.585,
994,1467295,1493089038,161_VAVC_CEV_1T1_US,43.229,
995,1467296,1493089039,161_VAVC_CEV_1DeltaT_US,14.999,
996,1467297,1493089039,161_VAVC_CEV_1T2_US,58.228,
997,1467298,1493089039,161_VAVC_CEV_1AbsPower_US1,651.049,
998,1467299,1493089040,161_VAVC_CEV_1E_Cooling_US1,1322975.250,
999,1467300,1493089040,161_VAVC_CEV_1E_Heating_US1,596.474,
1000,1467301,1493089040,161_VAVC_CEV_1RelPower,16.494,
1001,1467302,1493089040,161_VAVC_CEV_2RelPos,33.780,
1002,1467303,1493089040,161_VAVC_CEV_2RelFlow,12.139,
1003,1467304,1493089040,161_VAVC_CEV_2AbsFlow_US,86.585,
1004,1467305,1493089041,161_VAVC_CEV_2T1_US,43.105,
1005,1467306,1493089041,161_VAVC_CEV_2DeltaT_US,15.211,
1006,1467307,1493089042,161_VAVC_CEV_2T2_US,58.311,
1007,1467308,1493089042,161_VAVC_CEV_2AbsPower_US1,660.263,
1008,1467309,1493089042,161_VAVC_CEV_2E_Cooling_US1,1377139.750,
1009,1467310,1493089042,161_VAVC_CEV_2E_Heating_US1,194.996,
1010,1467311,1493089042,161_VAVC_CEV_2RelPower,16.964,
1011,1467312,1493089042,161_VAVW_CEV_RelPos,16.860,
1012,1467313,1493089043,161_VAVW_CEV_RelFlow,2.912,
1013,1467314,1493089043,161_VAVW_CEV_AbsFlow_US,9.232,
1014,1467315,1493089043,161_VAVW_CEV_T1_US,43.889,
1015,1467316,1493089043,161_VAVW_CEV_DeltaT_US,16.306,
1016,1467317,1493089043,161_VAVW_CEV_T2_US,60.200,
1017,1467318,1493089043,161_VAVW_CEV_AbsPower_US1,75.457,
1018,1467319,1493089044,161_VAVW_CEV_E_Cooling_US1,251566.484,
1019,1467320,1493089044,161_VAVW_CEV_E_Heating_US1,0.000,
1020,1467321,1493089044,161_VAVW_CEV_RelPower,4.333,
1021,1467322,1493089044,161_MAUE_CEV_RelPos,0.000,
1022,1467323,1493089044,161_MAUE_CEV_RelFlow,0.000,
1023,1467324,1493089044,161_MAUE_CEV_AbsFlow_US,0.000,
1024,1467325,1493089045,161_MAUE_CEV_T1_US,81.161,
1025,1467326,1493089045,161_MAUE_CEV_DeltaT_US,7.489,
1026,1467327,1493089045,161_MAUE_CEV_T2_US,73.672,
1027,1467328,1493089045,161_MAUE_CEV_AbsPower_US1,0.000,
1028,1467329,1493089045,161_MAUE_CEV_E_Cooling_US1,1201.263,
1029,1467330,1493089045,161_MAUE_CEV_E_Heating_US1,10.289,
1030,1467331,1493089046,161_MAUE_CEV_RelPower,0.000,
1031,1467332,1493089046,161_MAUW_CEV_RelPos,0.590,
1032,1467333,1493089047,161_MAUW_CEV_RelFlow,67.645,
1033,1467334,1493089047,161_MAUW_CEV_AbsFlow_US,347.652,
1034,1467335,1493089048,161_MAUW_CEV_T1_US,80.656,
1035,1467336,1493089049,161_MAUW_CEV_DeltaT_US,1.761,
1036,1467337,1493089049,161_MAUW_CEV_T2_US,82.408,
1037,1467338,1493089049,161_MAUW_CEV_AbsPower_US1,303.225,
1038,1467339,1493089049,161_MAUW_CEV_E_Cooling_US1,634972.250,
1039,1467340,1493089050,161_MAUW_CEV_E_Heating_US1,126191.813,
1040,1467341,1493089050,161_MAUW_CEV_RelPower,7.850,
1041,1467342,1493089050,085_MZU1_CEV_RelPos,17.750,
1042,1467343,1493089050,085_MZU1_CEV_RelFlow,3.495,
1043,1467344,1493089050,085_MZU1_CEV_AbsFlow_US,11.078,
1044,1467345,1493089050,085_MZU1_CEV_T1_US,43.492,
1045,1467346,1493089051,085_MZU1_CEV_DeltaT_US,18.243,
1046,1467347,1493089051,085_MZU1_CEV_T2_US,61.731,
1047,1467348,1493089051,085_MZU1_CEV_AbsPower_US1,101.226,
1048,1467349,1493089051,085_MZU1_CEV_E_Cooling_US1,301464.281,
1049,1467350,1493089052,085_MZU1_CEV_E_Heating_US1,63.618,
1050,1467351,1493089052,085_MZU1_CEV_RelPower,5.813,
1051,1467352,1493089052,085_MZU2_CEV_RelPos,26.450,
1052,1467353,1493089052,085_MZU2_CEV_RelFlow,5.824,
1053,1467354,1493089052,085_MZU2_CEV_AbsFlow_US,18.464,
1054,1467355,1493089053,085_MZU2_CEV_T1_US,43.589,
1055,1467356,1493089053,085_MZU2_CEV_DeltaT_US,15.409,
1056,1467357,1493089053,085_MZU2_CEV_T2_US,58.994,
1057,1467358,1493089053,085_MZU2_CEV_AbsPower_US1,142.609,
1058,1467359,1493089054,085_MZU2_CEV_E_Cooling_US1,244250.531,
1059,1467360,1493089054,085_MZU2_CEV_E_Heating_US1,175.480,
1060,1467361,1493089054,085_MZU2_CEV_RelPower,7.912,
1061,1467362,1493089054,085_AHU1R_CEV_RelPos,41.580,
1062,1467363,1493089054,085_AHU1R_CEV_RelFlow,22.419,
1063,1467364,1493089054,085_AHU1R_CEV_AbsFlow_US,11.599,
1064,1467365,1493089055,085_AHU1R_CEV_T1_US,45.982,
1065,1467366,1493089055,085_AHU1R_CEV_DeltaT_US,22.727,
1066,1467367,1493089055,085_AHU1R_CEV_T2_US,68.705,
1067,1467368,1493089055,085_AHU1R_CEV_AbsPower_US1,132.083,
1068,1467369,1493089055,085_AHU1R_CEV_E_Cooling_US1,194894.813,
1069,1467370,1493089056,085_AHU1R_CEV_E_Heating_US1,1051.814,
1070,1467371,1493089056,085_AHU1R_CEV_RelPower,31.443,
1081,1467372,1493089086,120_AHU103C_CEV_RelPos,21.340,
1082,1467373,1493089087,120_AHU103C_CEV_RelFlow,7.131,
1083,1467374,1493089088,120_AHU103C_CEV_AbsFlow_US,3.338,
1084,1467375,1493089089,120_AHU103C_CEV_T1_US,48.765,
1085,1467376,1493089090,120_AHU103C_CEV_DeltaT_US,15.936,
1086,1467377,1493089092,120_AHU103C_CEV_T2_US,64.701,
1087,1467378,1493089093,120_AHU103C_CEV_AbsPower_US1,26.580,
1088,1467379,1493089094,120_AHU103C_CEV_E_Cooling_US1,3637.386,
1089,1467380,1493089095,120_AHU103C_CEV_E_Heating_US1,97.292,
1090,1467381,1493089097,120_AHU103C_CEV_RelPower,6.600,
1091,1467382,1493089097,120_AHU107_CEV_RelPos,0.000,
1092,1467383,1493089097,120_AHU107_CEV_RelFlow,0.000,
1093,1467384,1493089097,120_AHU107_CEV_AbsFlow_US,0.000,
1094,1467385,1493089098,120_AHU107_CEV_T1_US,72.145,
1095,1467386,1493089098,120_AHU107_CEV_DeltaT_US,0.327,
1096,1467387,1493089098,120_AHU107_CEV_T2_US,72.467,
1097,1467388,1493089099,120_AHU107_CEV_AbsPower_US1,0.000,
1098,1467389,1493089100,120_AHU107_CEV_E_Cooling_US1,0.000,
1099,1467390,1493089101,120_AHU107_CEV_E_Heating_US1,0.288,
1100,1467391,1493089103,120_AHU107_CEV_RelPower,0.000,
1101,1467392,1493089103,116_AHU114_CEV_RelPos,0.000,
1102,1467393,1493089103,116_AHU114_CEV_RelFlow,0.000,
1103,1467394,1493089103,116_AHU114_CEV_AbsFlow_US,0.000,
1104,1467395,1493089103,116_AHU114_CEV_T1_US,75.104,
1105,1467396,1493089103,116_AHU114_CEV_DeltaT_US,1.106,
1106,1467397,1493089104,116_AHU114_CEV_T2_US,76.211,
1107,1467398,1493089105,116_AHU114_CEV_AbsPower_US1,0.000,
1108,1467399,1493089106,116_AHU114_CEV_E_Cooling_US1,61296.723,
1109,1467400,1493089107,116_AHU114_CEV_E_Heating_US1,1.042,
1110,1467401,1493089109,116_AHU114_CEV_RelPower,0.000,
1111,1467402,1493089111,116_AHU218_CEV_RelPos,0.000,
1112,1467403,1493089112,116_AHU218_CEV_RelFlow,0.000,
1113,1467404,1493089112,116_AHU218_CEV_AbsFlow_US,0.000,
1114,1467405,1493089112,116_AHU218_CEV_T1_US,75.095,
1115,1467406,1493089113,116_AHU218_CEV_DeltaT_US,1.116,
1116,1467407,1493089113,116_AHU218_CEV_T2_US,76.211,
1117,1467408,1493089113,116_AHU218_CEV_AbsPower_US1,0.000,
1118,1467409,1493089113,116_AHU218_CEV_E_Cooling_US1,61296.723,
1119,1467410,1493089120,116_AHU218_CEV_E_Heating_US1,1.042,
81,1467411,1493089147,027_BC1_CEV_RelPos,65.420,
82,1467412,1493089147,027_BC1_CEV_RelFlow,51.011,
83,1467413,1493089147,027_BC1_CEV_AbsFlow_US,7.449,
84,1467414,1493089147,027_BC1_CEV_T1_US,43.393,
85,1467415,1493089147,027_BC1_CEV_DeltaT_US,5.305,
86,1467416,1493089148,027_BC1_CEV_T2_US,48.698,
87,1467417,1493089148,027_BC1_CEV_AbsPower_US1,19.869,
88,1467418,1493089148,027_BC1_CEV_E_Cooling_US1,58470.797,
89,1467419,1493089148,027_BC1_CEV_E_Heating_US1,0.402,
90,1467420,1493089149,027_BC1_CEV_RelPower,19.425,
91,1467421,1493089149,027_AHU1W_CEV_RelPos,0.150,
92,1467422,1493089149,027_AHU1W_CEV_RelFlow,0.000,
93,1467423,1493089149,027_AHU1W_CEV_AbsFlow_US,0.000,
94,1467424,1493089149,027_AHU1W_CEV_T1_US,71.027,
95,1467425,1493089149,027_AHU1W_CEV_DeltaT_US,2.164,
96,1467426,1493089150,027_AHU1W_CEV_T2_US,73.191,
97,1467427,1493089152,027_AHU1W_CEV_AbsPower_US1,0.000,
99,1467428,1493089157,027_AHU1W_CEV_E_Heating_US1,0.356,
100,1467429,1493089157,027_AHU1W_CEV_RelPower,0.000,
101,1467430,1493089157,027_BC2_CEV_RelPos,100.000,
102,1467431,1493089158,027_BC2_CEV_RelFlow,50.583,
103,1467432,1493089158,027_BC2_CEV_AbsFlow_US,9.197,
104,1467433,1493089158,027_BC2_CEV_T1_US,43.679,
105,1467434,1493089158,027_BC2_CEV_DeltaT_US,6.515,
106,1467435,1493089158,027_BC2_CEV_T2_US,50.198,
107,1467436,1493089159,027_BC2_CEV_AbsPower_US1,30.072,
108,1467437,1493089159,027_BC2_CEV_E_Cooling_US1,166339.422,
109,1467438,1493089159,027_BC2_CEV_E_Heating_US1,10.563,
110,1467439,1493089159,027_BC2_CEV_RelPower,29.489,
111,1467440,1493089159,027_AHU2E_CEV_RelPos,28.320,
112,1467441,1493089159,027_AHU2E_CEV_RelFlow,14.767,
113,1467442,1493089160,027_AHU2E_CEV_AbsFlow_US,1.696,
114,1467443,1493089160,027_AHU2E_CEV_T1_US,44.537,
115,1467444,1493089160,027_AHU2E_CEV_DeltaT_US,13.955,
116,1467445,1493089160,027_AHU2E_CEV_T2_US,58.496,
117,1467446,1493089160,027_AHU2E_CEV_AbsPower_US1,11.972,
118,1467447,1493089161,027_AHU2E_CEV_E_Cooling_US1,70279.906,
119,1467448,1493089161,027_AHU2E_CEV_E_Heating_US1,21.885,
120,1467449,1493089161,027_AHU2E_CEV_RelPower,11.649,
121,1467450,1493089161,027_AHU3_CEV_RelPos,0.000,
122,1467451,1493089161,027_AHU3_CEV_RelFlow,0.000,
123,1467452,1493089162,027_AHU3_CEV_AbsFlow_US,0.000,
124,1467453,1493089162,027_AHU3_CEV_T1_US,51.843,
125,1467454,1493089162,027_AHU3_CEV_DeltaT_US,11.735,
126,1467455,1493089162,027_AHU3_CEV_T2_US,63.574,
127,1467456,1493089162,027_AHU3_CEV_AbsPower_US1,0.000,
21,1467457,1493089162,001_AHU106_CEV_RelPos,26.040,
128,1467458,1493089163,027_AHU3_CEV_E_Cooling_US1,86725.180,
129,1467459,1493089163,027_AHU3_CEV_E_Heating_US1,4.602,
130,1467460,1493089163,027_AHU3_CEV_RelPower,0.000,
131,1467461,1493089163,027_AHU4_CEV_RelPos,100.000,
132,1467462,1493089164,027_AHU4_CEV_RelFlow,49.220,
133,1467463,1493089164,027_AHU4_CEV_AbsFlow_US,6.114,
134,1467464,1493089164,027_AHU4_CEV_T1_US,43.573,
135,1467465,1493089164,027_AHU4_CEV_DeltaT_US,5.227,
136,1467466,1493089164,027_AHU4_CEV_T2_US,48.800,
137,1467467,1493089165,027_AHU4_CEV_AbsPower_US1,16.044,
138,1467468,1493089165,027_AHU4_CEV_E_Cooling_US1,76841.211,
139,1467469,1493089165,027_AHU4_CEV_E_Heating_US1,4.388,
140,1467470,1493089165,027_AHU4_CEV_RelPower,15.638,
141,1467471,1493089165,027_AHu1_CEV_RelPos,17.400,
142,1467472,1493089166,027_AHu1_CEV_RelFlow,1.314,
143,1467473,1493089168,027_AHu1_CEV_AbsFlow_US,0.131,
144,1467474,1493089170,027_AHu1_CEV_T1_US,44.819,
147,1467475,1493089174,027_AHu1_CEV_AbsPower_US1,1.984,
148,1467476,1493089174,027_AHu1_CEV_E_Cooling_US1,49645.180,
149,1467477,1493089174,027_AHu1_CEV_E_Heating_US1,0.187,
150,1467478,1493089175,027_AHu1_CEV_RelPower,3.247,
151,1467479,1493089175,027_AHu2_CEV_RelPos,20.440,
152,1467480,1493089175,027_AHu2_CEV_RelFlow,3.764,
153,1467481,1493089175,027_AHu2_CEV_AbsFlow_US,0.467,
154,1467482,1493089175,027_AHu2_CEV_T1_US,44.186,
155,1467483,1493089175,027_AHu2_CEV_DeltaT_US,30.916,
156,1467484,1493089175,027_AHu2_CEV_T2_US,75.102,
157,1467485,1493089176,027_AHu2_CEV_AbsPower_US1,7.207,
158,1467486,1493089176,027_AHu2_CEV_E_Cooling_US1,71571.922,
159,1467487,1493089176,027_AHu2_CEV_E_Heating_US1,1.741,
160,1467488,1493089176,027_AHu2_CEV_RelPower,7.034,
161,1467489,1493089177,091_AHU101_CEV_RelPos,0.000,
162,1467490,1493089177,091_AHU101_CEV_RelFlow,0.000,
163,1467491,1493089177,091_AHU101_CEV_AbsFlow_US,0.000,
164,1467492,1493089178,091_AHU101_CEV_T1_US,43.654,
165,1467493,1493089178,091_AHU101_CEV_DeltaT_US,13.822,
166,1467494,1493089178,091_AHU101_CEV_T2_US,57.480,
167,1467495,1493089179,091_AHU101_CEV_AbsPower_US1,0.000,
168,1467496,1493089179,091_AHU101_CEV_E_Cooling_US1,251235.422,
169,1467497,1493089179,091_AHU101_CEV_E_Heating_US1,29.082,
170,1467498,1493089179,091_AHU101_CEV_RelPower,0.000,
171,1467499,1493089179,091_AHU102_CEV_RelPos,25.730,
172,1467500,1493089180,091_AHU102_CEV_RelFlow,8.897,
173,1467501,1493089180,091_AHU102_CEV_AbsFlow_US,2.361,
174,1467502,1493089180,091_AHU102_CEV_T1_US,43.850,
175,1467503,1493089180,091_AHU102_CEV_DeltaT_US,18.611,
176,1467504,1493089180,091_AHU102_CEV_T2_US,62.460,
177,1467505,1493089181,091_AHU102_CEV_AbsPower_US1,22.006,
178,1467506,1493089181,091_AHU102_CEV_E_Cooling_US1,80041.492,
179,1467507,1493089181,091_AHU102_CEV_E_Heating_US1,15.682,
180,1467508,1493089181,091_AHU102_CEV_RelPower,12.848,
181,1467509,1493089181,091_AHU103_CEV_RelPos,47.860,
182,1467510,1493089182,091_AHU103_CEV_RelFlow,16.615,
183,1467511,1493089182,091_AHU103_CEV_AbsFlow_US,6.740,
184,1467512,1493089182,091_AHU103_CEV_T1_US,43.868,
185,1467513,1493089183,091_AHU103_CEV_DeltaT_US,28.683,
186,1467514,1493089183,091_AHU103_CEV_T2_US,72.551,
187,1467515,1493089183,091_AHU103_CEV_AbsPower_US1,96.756,
188,1467516,1493089183,091_AHU103_CEV_E_Cooling_US1,100820.758,
189,1467517,1493089183,091_AHU103_CEV_E_Heating_US1,5.725,
190,1467518,1493089184,091_AHU103_CEV_RelPower,46.113,
191,1467519,1493089184,091_AHU01_CEV_1RelPos,27.790,
192,1467520,1493089184,091_AHU01_CEV_1RelFlow,5.389,
193,1467521,1493089184,091_AHU01_CEV_1AbsFlow_US,25.893,
195,1467522,1493089187,091_AHU01_CEV_1DeltaT_US,16.970,
196,1467523,1493089187,091_AHU01_CEV_1T2_US,60.919,
197,1467524,1493089187,091_AHU01_CEV_1AbsPower_US1,228.310,
198,1467525,1493089187,091_AHU01_CEV_1E_Cooling_US1,4006608.750,
199,1467526,1493089188,091_AHU01_CEV_1E_Heating_US1,2762.525,
200,1467527,1493089188,091_AHU01_CEV_1RelPower,8.253,
205,1467528,1493089198,091_AHU01_CEV_2DeltaT_US,16.114,
22,1467529,1493089198,001_AHU106_CEV_RelFlow,7.680,
23,1467530,1493089199,001_AHU106_CEV_AbsFlow_US,3.053,
206,1467531,1493089199,091_AHU01_CEV_2T2_US,60.594,
207,1467532,1493089199,091_AHU01_CEV_2AbsPower_US1,209.059,
208,1467533,1493089199,091_AHU01_CEV_2E_Cooling_US1,1101656.875,
210,1467534,1493089202,091_AHU01_CEV_2RelPower,7.277,
211,1467535,1493089202,091_AHU319_CEV_RelPos,0.000,
212,1467536,1493089202,091_AHU319_CEV_RelFlow,0.000,
213,1467537,1493089202,091_AHU319_CEV_AbsFlow_US,0.000,
214,1467538,1493089202,091_AHU319_CEV_T1_US,70.563,
215,1467539,1493089203,091_AHU319_CEV_DeltaT_US,1.283,
216,1467540,1493089203,091_AHU319_CEV_T2_US,71.845,
217,1467541,1493089203,091_AHU319_CEV_AbsPower_US1,0.000,
219,1467542,1493089206,091_AHU319_CEV_E_Heating_US1,2.246,
220,1467543,1493089206,091_AHU319_CEV_RelPower,0.000,
221,1467544,1493089206,091_AHU504_CEV_RelPos,22.270,
222,1467545,1493089206,091_AHU504_CEV_RelFlow,3.159,
223,1467546,1493089207,091_AHU504_CEV_AbsFlow_US,1.027,
224,1467547,1493089207,091_AHU504_CEV_T1_US,44.011,
225,1467548,1493089207,091_AHU504_CEV_DeltaT_US,21.994,
226,1467549,1493089207,091_AHU504_CEV_T2_US,66.000,
227,1467550,1493089207,091_AHU504_CEV_AbsPower_US1,10.969,
228,1467551,1493089208,091_AHU504_CEV_E_Cooling_US1,37798.832,
229,1467552,1493089208,091_AHU504_CEV_E_Heating_US1,0.194,
230,1467553,1493089208,091_AHU504_CEV_RelPower,4.915,
24,1467554,1493089254,001_AHU106_CEV_T1_US,44.491,
25,1467555,1493089266,001_AHU106_CEV_DeltaT_US,16.503,
26,1467556,1493089296,001_AHU106_CEV_T2_US,60.299,
27,1467557,1493089299,001_AHU106_CEV_AbsPower_US1,22.783,
271,1467558,1493089326,165_MAU1_CEV_1RelPos,0.000,
272,1467559,1493089326,165_MAU1_CEV_1RelFlow,0.000,
273,1467560,1493089326,165_MAU1_CEV_1AbsFlow_US,0.000,
274,1467561,1493089326,165_MAU1_CEV_1T1_US,89.141,
275,1467562,1493089326,165_MAU1_CEV_1DeltaT_US,11.474,
276,1467563,1493089326,165_MAU1_CEV_1T2_US,77.667,
277,1467564,1493089327,165_MAU1_CEV_1AbsPower_US1,0.000,
278,1467565,1493089327,165_MAU1_CEV_1E_Cooling_US1,3099698.000,
279,1467566,1493089327,165_MAU1_CEV_1E_Heating_US1,1064.822,
280,1467567,1493089327,165_MAU1_CEV_1RelPower,0.000,
281,1467568,1493089327,165_MAU1_CEV_2RelPos,0.000,
28,1467569,1493089327,001_AHU106_CEV_E_Cooling_US1,236590.313,
282,1467570,1493089328,165_MAU1_CEV_2RelFlow,0.000,
283,1467571,1493089328,165_MAU1_CEV_2AbsFlow_US,0.000,
284,1467572,1493089328,165_MAU1_CEV_2T1_US,89.289,
29,1467573,1493089329,001_AHU106_CEV_E_Heating_US1,207.230,
30,1467574,1493089329,001_AHU106_CEV_RelPower,4.186,
285,1467575,1493089329,165_MAU1_CEV_2DeltaT_US,11.108,
286,1467576,1493089329,165_MAU1_CEV_2T2_US,78.182,
287,1467577,1493089329,165_MAU1_CEV_2AbsPower_US1,0.000,
288,1467578,1493089329,165_MAU1_CEV_2E_Cooling_US1,3411292.250,
289,1467579,1493089329,165_MAU1_CEV_2E_Heating_US1,5553.084,
290,1467580,1493089330,165_MAU1_CEV_2RelPower,0.000,
31,1467581,1493089330,001_AHU118_CEV_RelPos,29.710,
296,1467582,1493089337,165_AHU1_CEV_T2_US,76.178,
297,1467583,1493089337,165_AHU1_CEV_AbsPower_US1,0.000,
298,1467584,1493089337,165_AHU1_CEV_E_Cooling_US1,268.918,
299,1467585,1493089338,165_AHU1_CEV_E_Heating_US1,0.007,
300,1467586,1493089338,165_AHU1_CEV_RelPower,0.000,
301,1467587,1493089338,165_AHU2_CEV_RelPos,19.260,
302,1467588,1493089338,165_AHU2_CEV_RelFlow,4.214,
2,1467589,1493089338,136A_Ahu1_CEV_RelFlow,10.884,
303,1467590,1493089338,165_AHU2_CEV_AbsFlow_US,0.499,
304,1467591,1493089339,165_AHU2_CEV_T1_US,44.676,
305,1467592,1493089339,165_AHU2_CEV_DeltaT_US,22.350,
306,1467593,1493089339,165_AHU2_CEV_T2_US,67.025,
307,1467594,1493089339,165_AHU2_CEV_AbsPower_US1,5.584,
308,1467595,1493089339,165_AHU2_CEV_E_Cooling_US1,16942.922,
309,1467596,1493089339,165_AHU2_CEV_E_Heating_US1,0.573,
310,1467597,1493089339,165_AHU2_CEV_RelPower,5.441,
32,1467598,1493089345,001_AHU118_CEV_RelFlow,9.624,
33,1467599,1493089357,001_AHU118_CEV_AbsFlow_US,2.901,
321,1467600,1493089369,003_AHU2_CEV_RelPos,28.610,
322,1467601,1493089369,003_AHU2_CEV_RelFlow,15.113,
323,1467602,1493089369,003_AHU2_CEV_AbsFlow_US,2.143,
324,1467603,1493089369,003_AHU2_CEV_T1_US,46.333,
325,1467604,1493089369,003_AHU2_CEV_DeltaT_US,17.515,
326,1467605,1493089369,003_AHU2_CEV_T2_US,63.847,
327,1467606,1493089370,003_AHU2_CEV_AbsPower_US1,18.648,
328,1467607,1493089370,003_AHU2_CEV_E_Cooling_US1,52592.129,
329,1467608,1493089370,003_AHU2_CEV_E_Heating_US1,9.939,
330,1467609,1493089370,003_AHU2_CEV_RelPower,18.270,
331,1467610,1493089371,168_AHU1_CEV_RelPos,18.990,
332,1467611,1493089372,168_AHU1_CEV_RelFlow,3.930,
333,1467612,1493089372,168_AHU1_CEV_AbsFlow_US,4.984,
334,1467613,1493089373,168_AHU1_CEV_T1_US,44.503,
335,1467614,1493089373,168_AHU1_CEV_DeltaT_US,22.665,
336,1467615,1493089374,168_AHU1_CEV_T2_US,67.173,
337,1467616,1493089374,168_AHU1_CEV_AbsPower_US1,56.525,
338,1467617,1493089374,168_AHU1_CEV_E_Cooling_US1,101380.133,
339,1467618,1493089375,168_AHU1_CEV_E_Heating_US1,13.297,
340,1467619,1493089376,168_AHU1_CEV_RelPower,8.276,
341,1467620,1493089376,168_AHU2_CEV_RelPos,29.040,
34,1467621,1493089377,001_AHU118_CEV_T1_US,44.320,
342,1467622,1493089377,168_AHU2_CEV_RelFlow,7.860,
343,1467623,1493089377,168_AHU2_CEV_AbsFlow_US,9.967,
344,1467624,1493089377,168_AHU2_CEV_T1_US,44.037,
345,1467625,1493089377,168_AHU2_CEV_DeltaT_US,17.717,
346,1467626,1493089377,168_AHU2_CEV_T2_US,61.754,
347,1467627,1493089377,168_AHU2_CEV_AbsPower_US1,90.654,
348,1467628,1493089378,168_AHU2_CEV_E_Cooling_US1,112600.188,
349,1467629,1493089378,168_AHU2_CEV_E_Heating_US1,14.201,
350,1467630,1493089378,168_AHU2_CEV_RelPower,12.329,
351,1467631,1493089378,168_MAU1_CEV_RelPos,0.150,
352,1467632,1493089378,168_MAU1_CEV_RelFlow,0.000,
35,1467633,1493089379,001_AHU118_CEV_DeltaT_US,20.733,
353,1467634,1493089379,168_MAU1_CEV_AbsFlow_US,0.000,
354,1467635,1493089379,168_MAU1_CEV_T1_US,73.750,
355,1467636,1493089379,168_MAU1_CEV_DeltaT_US,0.216,
356,1467637,1493089379,168_MAU1_CEV_T2_US,73.534,
357,1467638,1493089379,168_MAU1_CEV_AbsPower_US1,0.000,
358,1467639,1493089380,168_MAU1_CEV_E_Cooling_US1,4.537,
359,1467640,1493089380,168_MAU1_CEV_E_Heating_US1,1.746,
360,1467641,1493089380,168_MAU1_CEV_RelPower,0.000,
361,1467642,1493089380,168_AHU3_CEV_RelPos,0.000,
362,1467643,1493089380,168_AHU3_CEV_RelFlow,0.000,
363,1467644,1493089380,168_AHU3_CEV_AbsFlow_US,0.000,
364,1467645,1493089380,168_AHU3_CEV_T1_US,63.827,
365,1467646,1493089381,168_AHU3_CEV_DeltaT_US,6.064,
366,1467647,1493089381,168_AHU3_CEV_T2_US,57.763,
367,1467648,1493089381,168_AHU3_CEV_AbsPower_US1,0.000,
368,1467649,1493089381,168_AHU3_CEV_E_Cooling_US1,342.372,
369,1467650,1493089381,168_AHU3_CEV_E_Heating_US1,0.104,
370,1467651,1493089381,168_AHU3_CEV_RelPower,0.000,
371,1467652,1493089381,168_AHU4_CEV_RelPos,0.150,
372,1467653,1493089382,168_AHU4_CEV_RelFlow,0.000,
373,1467654,1493089382,168_AHU4_CEV_AbsFlow_US,0.000,
374,1467655,1493089382,168_AHU4_CEV_T1_US,46.845,
375,1467656,1493089382,168_AHU4_CEV_DeltaT_US,21.920,
376,1467657,1493089382,168_AHU4_CEV_T2_US,68.765,
377,1467658,1493089382,168_AHU4_CEV_AbsPower_US1,0.000,
378,1467659,1493089382,168_AHU4_CEV_E_Cooling_US1,39584.332,
379,1467660,1493089383,168_AHU4_CEV_E_Heating_US1,0.128,
380,1467661,1493089383,168_AHU4_CEV_RelPower,0.000,
381,1467662,1493089383,153D_AHU1_CEV_RelPos,48.680,
4,1467663,1493089383,136A_Ahu1_CEV_T1_US,43.063,
5,1467664,1493089383,136A_Ahu1_CEV_DeltaT_US,17.824,
382,1467665,1493089383,153D_AHU1_CEV_RelFlow,19.574,
383,1467666,1493089384,153D_AHU1_CEV_AbsFlow_US,11.097,
384,1467667,1493089385,153D_AHU1_CEV_T1_US,44.348,
385,1467668,1493089385,153D_AHU1_CEV_DeltaT_US,13.087,
386,1467669,1493089385,153D_AHU1_CEV_T2_US,57.435,
6,1467670,1493089385,136A_Ahu1_CEV_T2_US,60.864,
387,1467671,1493089385,153D_AHU1_CEV_AbsPower_US1,73.248,
388,1467672,1493089386,153D_AHU1_CEV_E_Cooling_US1,225133.047,
389,1467673,1493089386,153D_AHU1_CEV_E_Heating_US1,5724.011,
390,1467674,1493089386,153D_AHU1_CEV_RelPower,17.588,
36,1467675,1493089386,001_AHU118_CEV_T2_US,65.044,
391,1467676,1493089386,153D_AHU3_CEV_RelPos,49.340,
392,1467677,1493089387,153D_AHU3_CEV_RelFlow,15.557,
37,1467678,1493089387,001_AHU118_CEV_AbsPower_US1,30.811,
393,1467679,1493089387,153D_AHU3_CEV_AbsFlow_US,14.066,
394,1467680,1493089387,153D_AHU3_CEV_T1_US,44.122,
395,1467681,1493089387,153D_AHU3_CEV_DeltaT_US,15.935,
8,1467682,1493089388,136A_Ahu1_CEV_E_Cooling_US1,6264174.000,
396,1467683,1493089388,153D_AHU3_CEV_T2_US,60.062,
397,1467684,1493089388,153D_AHU3_CEV_AbsPower_US1,113.022,
398,1467685,1493089388,153D_AHU3_CEV_E_Cooling_US1,605347.125,
399,1467686,1493089388,153D_AHU3_CEV_E_Heating_US1,3.015,
400,1467687,1493089388,153D_AHU3_CEV_RelPower,20.790,
401,1467688,1493089389,153D_AHU2_CEV_RelPos,22.670,
38,1467689,1493089389,001_AHU118_CEV_E_Cooling_US1,620038.688,
402,1467690,1493089389,153D_AHU2_CEV_RelFlow,5.895,
403,1467691,1493089389,153D_AHU2_CEV_AbsFlow_US,7.475,
404,1467692,1493089390,153D_AHU2_CEV_T1_US,44.397,
405,1467693,1493089390,153D_AHU2_CEV_DeltaT_US,13.628,
406,1467694,1493089390,153D_AHU2_CEV_T2_US,58.025,
407,1467695,1493089390,153D_AHU2_CEV_AbsPower_US1,51.085,
408,1467696,1493089390,153D_AHU2_CEV_E_Cooling_US1,243449.578,
409,1467697,1493089390,153D_AHU2_CEV_E_Heating_US1,1751.859,
410,1467698,1493089391,153D_AHU2_CEV_RelPower,7.121,
39,1467699,1493089397,001_AHU118_CEV_E_Heating_US1,672.630,
9,1467700,1493089400,136A_Ahu1_CEV_E_Heating_US1,206.046,
40,1467701,1493089403,001_AHU118_CEV_RelPower,14.204,
41,1467702,1493089409,001_OAU_CEV_RelPos,81.720,
42,1467703,1493089415,001_OAU_CEV_RelFlow,99.330,
10,1467704,1493089418,136A_Ahu1_CEV_RelPower,0.000,
421,1467705,1493089421,153R_AHU1_CEV_RelPos,25.700,
422,1467706,1493089421,153R_AHU1_CEV_RelFlow,9.235,
423,1467707,1493089421,153R_AHU1_CEV_AbsFlow_US,6.414,
424,1467708,1493089421,153R_AHU1_CEV_T1_US,44.773,
425,1467709,1493089421,153R_AHU1_CEV_DeltaT_US,20.290,
43,1467710,1493089422,001_OAU_CEV_AbsFlow_US,39.925,
44,1467711,1493089422,001_OAU_CEV_T1_US,44.311,
45,1467712,1493089422,001_OAU_CEV_DeltaT_US,0.612,
426,1467713,1493089422,153R_AHU1_CEV_T2_US,65.058,
427,1467714,1493089422,153R_AHU1_CEV_AbsPower_US1,65.127,
428,1467715,1493089422,153R_AHU1_CEV_E_Cooling_US1,82991.992,
429,1467716,1493089422,153R_AHU1_CEV_E_Heating_US1,171.224,
46,1467717,1493089423,001_OAU_CEV_T2_US,44.923,
47,1467718,1493089423,001_OAU_CEV_AbsPower_US1,12.218,
430,1467719,1493089423,153R_AHU1_CEV_RelPower,15.437,
431,1467720,1493089423,153R_AHU2_CEV_RelPos,19.110,
432,1467721,1493089423,153R_AHU2_CEV_RelFlow,5.134,
433,1467722,1493089423,153R_AHU2_CEV_AbsFlow_US,1.113,
48,1467723,1493089423,001_OAU_CEV_E_Cooling_US1,207788.531,
49,1467724,1493089424,001_OAU_CEV_E_Heating_US1,8.109,
50,1467725,1493089424,001_OAU_CEV_RelPower,2.903,
51,1467726,1493089424,009_AHU2_CEV_RelPos,57.916,
434,1467727,1493089424,153R_AHU2_CEV_T1_US,46.166,
435,1467728,1493089424,153R_AHU2_CEV_DeltaT_US,27.080,
436,1467729,1493089425,153R_AHU2_CEV_T2_US,73.251,
437,1467730,1493089426,153R_AHU2_CEV_AbsPower_US1,14.886,
61,1467731,1493089426,009_AHU1R_CEV_RelPos,100.000,
438,1467732,1493089426,153R_AHU2_CEV_E_Cooling_US1,66844.078,
439,1467733,1493089426,153R_AHU2_CEV_E_Heating_US1,11.194,
440,1467734,1493089427,153R_AHU2_CEV_RelPower,9.242,
441,1467735,1493089427,153R_CVAV_CEV_RelPos,22.840,
62,1467736,1493089427,009_AHU1R_CEV_RelFlow,0.000,
442,1467737,1493089427,153R_CVAV_CEV_RelFlow,11.820,
443,1467738,1493089427,153R_CVAV_CEV_AbsFlow_US,55.621,
63,1467739,1493089427,009_AHU1R_CEV_AbsFlow_US,0.000,
444,1467740,1493089428,153R_CVAV_CEV_T1_US,43.958,
445,1467741,1493089428,153R_CVAV_CEV_DeltaT_US,16.650,
446,1467742,1493089428,153R_CVAV_CEV_T2_US,60.613,
447,1467743,1493089428,153R_CVAV_CEV_AbsPower_US1,472.035,
64,1467744,1493089428,009_AHU1R_CEV_T1_US,73.727,
448,1467745,1493089429,153R_CVAV_CEV_E_Cooling_US1,934463.313,
449,1467746,1493089429,153R_CVAV_CEV_E_Heating_US1,2431.064,
450,1467747,1493089429,153R_CVAV_CEV_RelPower,17.083,
452,1467748,1493089432,153F_AHU1_CEV_RelFlow,10.460,
67,1467749,1493089433,009_AHU1R_CEV_AbsPower_US1,0.000,
454,1467750,1493089433,153F_AHU1_CEV_T1_US,43.631,
455,1467751,1493089434,153F_AHU1_CEV_DeltaT_US,15.934,
456,1467752,1493089434,153F_AHU1_CEV_T2_US,59.565,
457,1467753,1493089434,153F_AHU1_CEV_AbsPower_US1,102.348,
11,1467754,1493089434,136A_Ahu1_CEV_RelPos,53.240,
458,1467755,1493089434,153F_AHU1_CEV_E_Cooling_US1,355377.969,
459,1467756,1493089434,153F_AHU1_CEV_E_Heating_US1,10.462,
460,1467757,1493089434,153F_AHU1_CEV_RelPower,9.995,
461,1467758,1493089435,153F_AHU2_CEV_RelPos,23.440,
462,1467759,1493089435,153F_AHU2_CEV_RelFlow,10.279,
463,1467760,1493089435,153F_AHU2_CEV_AbsFlow_US,8.472,
68,1467761,1493089435,009_AHU1R_CEV_E_Cooling_US1,327567.094,
464,1467762,1493089436,153F_AHU2_CEV_T1_US,43.663,
465,1467763,1493089436,153F_AHU2_CEV_DeltaT_US,14.343,
466,1467764,1493089436,153F_AHU2_CEV_T2_US,58.006,
467,1467765,1493089436,153F_AHU2_CEV_AbsPower_US1,60.920,
468,1467766,1493089436,153F_AHU2_CEV_E_Cooling_US1,305402.938,
469,1467767,1493089436,153F_AHU2_CEV_E_Heating_US1,21.333,
470,1467768,1493089436,153F_AHU2_CEV_RelPower,8.492,
471,1467769,1493089437,153F_AHU3_CEV_RelPos,47.090,
472,1467770,1493089437,153F_AHU3_CEV_RelFlow,16.900,
473,1467771,1493089437,153F_AHU3_CEV_AbsFlow_US,21.430,
12,1467772,1493089437,136A_Ahu1_CEV_RelFlow,25.939,
69,1467773,1493089437,009_AHU1R_CEV_E_Heating_US1,3.011,
70,1467774,1493089437,009_AHU1R_CEV_RelPower,0.000,
474,1467775,1493089438,153F_AHU3_CEV_T1_US,43.802,
475,1467776,1493089438,153F_AHU3_CEV_DeltaT_US,15.777,
476,1467777,1493089438,153F_AHU3_CEV_T2_US,59.579,
477,1467778,1493089438,153F_AHU3_CEV_AbsPower_US1,169.443,
478,1467779,1493089438,153F_AHU3_CEV_E_Cooling_US1,368688.063,
479,1467780,1493089438,153F_AHU3_CEV_E_Heating_US1,10.445,
480,1467781,1493089439,153F_AHU3_CEV_RelPower,23.626,
481,1467782,1493089439,153F_AHU4_CEV_RelPos,35.860,
482,1467783,1493089439,153F_AHU4_CEV_RelFlow,13.952,
13,1467784,1493089439,136A_Ahu1_CEV_AbsFlow_US,149.556,
483,1467785,1493089439,153F_AHU4_CEV_AbsFlow_US,17.692,
484,1467786,1493089439,153F_AHU4_CEV_T1_US,43.571,
485,1467787,1493089439,153F_AHU4_CEV_DeltaT_US,15.715,
486,1467788,1493089440,153F_AHU4_CEV_T2_US,59.286,
487,1467789,1493089440,153F_AHU4_CEV_AbsPower_US1,139.437,
488,1467790,1493089440,153F_AHU4_CEV_E_Cooling_US1,283174.406,
14,1467791,1493089440,136A_Ahu1_CEV_T1_US,43.382,
489,1467792,1493089440,153F_AHU4_CEV_E_Heating_US1,8.412,
490,1467793,1493089440,153F_AHU4_CEV_RelPower,19.431,
491,1467794,1493089441,153F_AHU5_CEV_RelPos,30.940,
492,1467795,1493089441,153F_AHU5_CEV_RelFlow,11.791,
493,1467796,1493089441,153F_AHU5_CEV_AbsFlow_US,14.951,
494,1467797,1493089441,153F_AHU5_CEV_T1_US,43.760,
15,1467798,1493089441,136A_Ahu1_CEV_DeltaT_US,6.525,
495,1467799,1493089441,153F_AHU5_CEV_DeltaT_US,13.674,
496,1467800,1493089442,153F_AHU5_CEV_T2_US,57.429,
497,1467801,1493089442,153F_AHU5_CEV_AbsPower_US1,102.465,
498,1467802,1493089442,153F_AHU5_CEV_E_Cooling_US1,336216.000,
499,1467803,1493089442,153F_AHU5_CEV_E_Heating_US1,33.688,
500,1467804,1493089442,153F_AHU5_CEV_RelPower,14.035,
501,1467805,1493089442,153F_AHU6_CEV_RelPos,43.880,
502,1467806,1493089443,153F_AHU6_CEV_RelFlow,14.935,
503,1467807,1493089443,153F_AHU6_CEV_AbsFlow_US,18.938,
504,1467808,1493089443,153F_AHU6_CEV_T1_US,43.668,
505,1467809,1493089443,153F_AHU6_CEV_DeltaT_US,13.411,
506,1467810,1493089443,153F_AHU6_CEV_T2_US,57.079,
507,1467811,1493089443,153F_AHU6_CEV_AbsPower_US1,129.020,
508,1467812,1493089444,153F_AHU6_CEV_E_Cooling_US1,312492.656,
509,1467813,1493089444,153F_AHU6_CEV_E_Heating_US1,3.019,
510,1467814,1493089444,153F_AHU6_CEV_RelPower,18.045,
511,1467815,1493089444,022_AHU329_CEV_RelPos,100.000,
512,1467816,1493089444,022_AHU329_CEV_RelFlow,0.000,
16,1467817,1493089445,136A_Ahu1_CEV_T2_US,50.340,
513,1467818,1493089445,022_AHU329_CEV_AbsFlow_US,0.000,
514,1467819,1493089445,022_AHU329_CEV_T1_US,75.030,
515,1467820,1493089446,022_AHU329_CEV_DeltaT_US,4.066,
516,1467821,1493089446,022_AHU329_CEV_T2_US,79.096,
517,1467822,1493089446,022_AHU329_CEV_AbsPower_US1,0.000,
518,1467823,1493089446,022_AHU329_CEV_E_Cooling_US1,102228.172,
519,1467824,1493089446,022_AHU329_CEV_E_Heating_US1,4.444,
520,1467825,1493089446,022_AHU329_CEV_RelPower,0.000,
521,1467826,1493089447,022_BCU1_CEV_RelPos,0.000,
522,1467827,1493089447,022_BCU1_CEV_RelFlow,0.000,
523,1467828,1493089447,022_BCU1_CEV_AbsFlow_US,0.000,
524,1467829,1493089447,022_BCU1_CEV_T1_US,62.546,
525,1467830,1493089447,022_BCU1_CEV_DeltaT_US,10.385,
526,1467831,1493089447,022_BCU1_CEV_T2_US,72.931,
527,1467832,1493089448,022_BCU1_CEV_AbsPower_US1,0.000,
528,1467833,1493089448,022_BCU1_CEV_E_Cooling_US1,29911.947,
529,1467834,1493089448,022_BCU1_CEV_E_Heating_US1,79.699,
530,1467835,1493089448,022_BCU1_CEV_RelPower,0.000,
531,1467836,1493089448,022_BCU2_CEV_RelPos,20.560,
532,1467837,1493089448,022_BCU2_CEV_RelFlow,4.601,
533,1467838,1493089449,022_BCU2_CEV_AbsFlow_US,0.570,
17,1467839,1493089449,136A_Ahu1_CEV_AbsPower_US1,701.722,
534,1467840,1493089449,022_BCU2_CEV_T1_US,47.500,
535,1467841,1493089449,022_BCU2_CEV_DeltaT_US,21.817,
536,1467842,1493089449,022_BCU2_CEV_T2_US,69.317,
537,1467843,1493089449,022_BCU2_CEV_AbsPower_US1,6.214,
538,1467844,1493089450,022_BCU2_CEV_E_Cooling_US1,64590.879,
539,1467845,1493089450,022_BCU2_CEV_E_Heating_US1,51.278,
540,1467846,1493089450,022_BCU2_CEV_RelPower,6.099,
541,1467847,1493089450,108_RTU1_CEV_RelPos,23.430,
542,1467848,1493089451,108_RTU1_CEV_RelFlow,1.906,
543,1467849,1493089451,108_RTU1_CEV_AbsFlow_US,0.944,
544,1467850,1493089451,108_RTU1_CEV_T1_US,46.693,
18,1467851,1493089454,136A_Ahu1_CEV_E_Cooling_US1,4994959.500,
546,1467852,1493089454,108_RTU1_CEV_T2_US,66.733,
547,1467853,1493089454,108_RTU1_CEV_AbsPower_US1,9.594,
548,1467854,1493089454,108_RTU1_CEV_E_Cooling_US1,334098.031,
549,1467855,1493089454,108_RTU1_CEV_E_Heating_US1,21.297,
550,1467856,1493089455,108_RTU1_CEV_RelPower,2.275,
551,1467857,1493089455,108_CHWSL1_CEV_RelPos,100.000,
552,1467858,1493089455,108_CHWSL1_CEV_RelFlow,8.395,
553,1467859,1493089456,108_CHWSL1_CEV_AbsFlow_US,3.326,
19,1467860,1493089456,136A_Ahu1_CEV_E_Heating_US1,19753.918,
554,1467861,1493089456,108_CHWSL1_CEV_T1_US,45.751,
555,1467862,1493089456,108_CHWSL1_CEV_DeltaT_US,13.138,
556,1467863,1493089457,108_CHWSL1_CEV_T2_US,58.898,
557,1467864,1493089457,108_CHWSL1_CEV_AbsPower_US1,21.822,
558,1467865,1493089457,108_CHWSL1_CEV_E_Cooling_US1,178408.891,
559,1467866,1493089457,108_CHWSL1_CEV_E_Heating_US1,23.750,
560,1467867,1493089457,108_CHWSL1_CEV_RelPower,10.142,
561,1467868,1493089458,108_CHWSL2_CEV_RelPos,100.000,
562,1467869,1493089458,108_CHWSL2_CEV_RelFlow,5.458,
563,1467870,1493089458,108_CHWSL2_CEV_AbsFlow_US,2.699,
564,1467871,1493089458,108_CHWSL2_CEV_T1_US,45.322,
565,1467872,1493089458,108_CHWSL2_CEV_DeltaT_US,5.772,
566,1467873,1493089458,108_CHWSL2_CEV_T2_US,51.093,
567,1467874,1493089459,108_CHWSL2_CEV_AbsPower_US1,7.817,
568,1467875,1493089459,108_CHWSL2_CEV_E_Cooling_US1,130538.391,
569,1467876,1493089459,108_CHWSL2_CEV_E_Heating_US1,1.385,
570,1467877,1493089459,108_CHWSL2_CEV_RelPower,1.854,
571,1467878,1493089460,108_CHWSL3_CEV_RelPos,100.000,
572,1467879,1493089460,108_CHWSL3_CEV_RelFlow,1.745,
573,1467880,1493089460,108_CHWSL3_CEV_AbsFlow_US,0.863,
574,1467881,1493089460,108_CHWSL3_CEV_T1_US,50.251,
575,1467882,1493089461,108_CHWSL3_CEV_DeltaT_US,15.485,
576,1467883,1493089461,108_CHWSL3_CEV_T2_US,65.736,
577,1467884,1493089461,108_CHWSL3_CEV_AbsPower_US1,6.644,
578,1467885,1493089461,108_CHWSL3_CEV_E_Cooling_US1,97462.836,
579,1467886,1493089461,108_CHWSL3_CEV_E_Heating_US1,3897.182,
580,1467887,1493089461,108_CHWSL3_CEV_RelPower,1.594,
591,1467888,1493089491,108_CHWSL5_CEV_RelPos,100.000,
592,1467889,1493089493,108_CHWSL5_CEV_RelFlow,2.889,
593,1467890,1493089493,108_CHWSL5_CEV_AbsFlow_US,1.123,
594,1467891,1493089493,108_CHWSL5_CEV_T1_US,45.350,
595,1467892,1493089493,108_CHWSL5_CEV_DeltaT_US,2.545,
596,1467893,1493089494,108_CHWSL5_CEV_T2_US,47.895,
597,1467894,1493089494,108_CHWSL5_CEV_AbsPower_US1,1.437,
598,1467895,1493089494,108_CHWSL5_CEV_E_Cooling_US1,84603.813,
599,1467896,1493089494,108_CHWSL5_CEV_E_Heating_US1,2.132,
600,1467897,1493089495,108_CHWSL5_CEV_RelPower,0.682,
601,1467898,1493089495,108_CHWSL6_CEV_RelPos,100.000,
602,1467899,1493089495,108_CHWSL6_CEV_RelFlow,31.023,
603,1467900,1493089495,108_CHWSL6_CEV_AbsFlow_US,12.310,
604,1467901,1493089495,108_CHWSL6_CEV_T1_US,44.786,
605,1467902,1493089495,108_CHWSL6_CEV_DeltaT_US,4.493,
606,1467903,1493089495,108_CHWSL6_CEV_T2_US,49.280,
607,1467904,1493089496,108_CHWSL6_CEV_AbsPower_US1,27.827,
608,1467905,1493089496,108_CHWSL6_CEV_E_Cooling_US1,498183.969,
609,1467906,1493089496,108_CHWSL6_CEV_E_Heating_US1,32.216,
610,1467907,1493089496,108_CHWSL6_CEV_RelPower,12.933,
611,1467908,1493089496,031_CV1_CEV_RelPos,100.000,
612,1467909,1493089496,031_CV1_CEV_RelFlow,84.030,
614,1467910,1493089499,031_CV1_CEV_T1_US,43.252,
615,1467911,1493089499,031_CV1_CEV_DeltaT_US,6.631,
616,1467912,1493089499,031_CV1_CEV_T2_US,49.888,
617,1467913,1493089499,031_CV1_CEV_AbsPower_US1,375.721,
618,1467914,1493089499,031_CV1_CEV_E_Cooling_US1,1634076.125,
619,1467915,1493089499,031_CV1_CEV_E_Heating_US1,289.632,
620,1467916,1493089500,031_CV1_CEV_RelPower,36.621,
621,1467917,1493089500,031_VAV2_CEV_RelPos,42.390,
622,1467918,1493089500,031_VAV2_CEV_RelFlow,14.918,
623,1467919,1493089500,031_VAV2_CEV_AbsFlow_US,10.101,
624,1467920,1493089500,031_VAV2_CEV_T1_US,44.150,
625,1467921,1493089501,031_VAV2_CEV_DeltaT_US,16.307,
626,1467922,1493089501,031_VAV2_CEV_T2_US,60.456,
627,1467923,1493089501,031_VAV2_CEV_AbsPower_US1,82.455,
628,1467924,1493089501,031_VAV2_CEV_E_Cooling_US1,613853.563,
629,1467925,1493089501,031_VAV2_CEV_E_Heating_US1,53.736,
630,1467926,1493089501,031_VAV2_CEV_RelPower,19.708,
631,1467927,1493089501,031_CV2_CEV_RelPos,0.000,
632,1467928,1493089502,031_CV2_CEV_RelFlow,0.000,
633,1467929,1493089502,031_CV2_CEV_AbsFlow_US,0.000,
634,1467930,1493089502,031_CV2_CEV_T1_US,54.590,
635,1467931,1493089502,031_CV2_CEV_DeltaT_US,15.113,
636,1467932,1493089502,031_CV2_CEV_T2_US,69.702,
637,1467933,1493089502,031_CV2_CEV_AbsPower_US1,0.000,
638,1467934,1493089503,031_CV2_CEV_E_Cooling_US1,245027.828,
639,1467935,1493089503,031_CV2_CEV_E_Heating_US1,97.037,
640,1467936,1493089503,031_CV2_CEV_RelPower,0.000,
641,1467937,1493089503,031_CV3_CEV_RelPos,0.150,
642,1467938,1493089503,031_CV3_CEV_RelFlow,0.000,
643,1467939,1493089503,031_CV3_CEV_AbsFlow_US,0.000,
644,1467940,1493089504,031_CV3_CEV_T1_US,45.234,
645,1467941,1493089504,031_CV3_CEV_DeltaT_US,21.276,
647,1467942,1493089507,031_CV3_CEV_AbsPower_US1,0.000,
648,1467943,1493089507,031_CV3_CEV_E_Cooling_US1,491178.906,
649,1467944,1493089507,031_CV3_CEV_E_Heating_US1,36.578,
650,1467945,1493089507,031_CV3_CEV_RelPower,0.000,
651,1467946,1493089507,031_CV4_CEV_RelPos,49.040,
652,1467947,1493089507,031_CV4_CEV_RelFlow,20.264,
653,1467948,1493089508,031_CV4_CEV_AbsFlow_US,18.321,
654,1467949,1493089508,031_CV4_CEV_T1_US,43.716,
655,1467950,1493089508,031_CV4_CEV_DeltaT_US,15.451,
656,1467951,1493089508,031_CV4_CEV_T2_US,59.167,
657,1467952,1493089508,031_CV4_CEV_AbsPower_US1,141.880,
658,1467953,1493089508,031_CV4_CEV_E_Cooling_US1,652830.063,
659,1467954,1493089509,031_CV4_CEV_E_Heating_US1,73.736,
660,1467955,1493089509,031_CV4_CEV_RelPower,26.176,
661,1467956,1493089509,031_CV5_CEV_RelPos,0.000,
662,1467957,1493089509,031_CV5_CEV_RelFlow,0.000,
663,1467958,1493089509,031_CV5_CEV_AbsFlow_US,0.000,
665,1467959,1493089512,031_CV5_CEV_DeltaT_US,17.617,
667,1467960,1493089515,031_CV5_CEV_AbsPower_US1,0.000,
668,1467961,1493089515,031_CV5_CEV_E_Cooling_US1,389771.125,
669,1467962,1493089515,031_CV5_CEV_E_Heating_US1,122.634,
671,1467963,1493089518,031_VAV3_CEV_RelPos,38.970,
672,1467964,1493089518,031_VAV3_CEV_RelFlow,14.738,
673,1467965,1493089518,031_VAV3_CEV_AbsFlow_US,18.689,
674,1467966,1493089518,031_VAV3_CEV_T1_US,43.322,
675,1467967,1493089518,031_VAV3_CEV_DeltaT_US,21.086,
676,1467968,1493089519,031_VAV3_CEV_T2_US,64.408,
677,1467969,1493089519,031_VAV3_CEV_AbsPower_US1,197.372,
678,1467970,1493089519,031_VAV3_CEV_E_Cooling_US1,674577.063,
679,1467971,1493089519,031_VAV3_CEV_E_Heating_US1,2.051,
680,1467972,1493089519,031_VAV3_CEV_RelPower,27.520,
681,1467973,1493089519,031_EXG1_CEV_RelPos,100.000,
682,1467974,1493089520,031_EXG1_CEV_RelFlow,99.356,
683,1467975,1493089520,031_EXG1_CEV_AbsFlow_US,133.860,
684,1467976,1493089520,031_EXG1_CEV_T1_US,43.068,
685,1467977,1493089520,031_EXG1_CEV_DeltaT_US,3.400,
686,1467978,1493089520,031_EXG1_CEV_T2_US,46.468,
687,1467979,1493089521,031_EXG1_CEV_AbsPower_US1,228.050,
688,1467980,1493089521,031_EXG1_CEV_E_Cooling_US1,1200601.750,
689,1467981,1493089521,031_EXG1_CEV_E_Heating_US1,35.780,
690,1467982,1493089521,031_EXG1_CEV_RelPower,22.289,
691,1467983,1493089521,031_EXG2_CEV_RelPos,27.630,
692,1467984,1493089521,031_EXG2_CEV_RelFlow,13.476,
693,1467985,1493089522,031_EXG2_CEV_AbsFlow_US,18.157,
694,1467986,1493089522,031_EXG2_CEV_T1_US,43.262,
695,1467987,1493089522,031_EXG2_CEV_DeltaT_US,18.785,
696,1467988,1493089522,031_EXG2_CEV_T2_US,62.047,
697,1467989,1493089522,031_EXG2_CEV_AbsPower_US1,170.823,
698,1467990,1493089522,031_EXG2_CEV_E_Cooling_US1,1482051.625,
699,1467991,1493089523,031_EXG2_CEV_E_Heating_US1,234.006,
700,1467992,1493089523,031_EXG2_CEV_RelPower,16.673,
711,1467993,1493089553,034_AHU1_CEV_RelPos,0.000,
712,1467994,1493089553,034_AHU1_CEV_RelFlow,0.000,
713,1467995,1493089553,034_AHU1_CEV_AbsFlow_US,0.000,
714,1467996,1493089553,034_AHU1_CEV_T1_US,70.461,
715,1467997,1493089553,034_AHU1_CEV_DeltaT_US,9.568,
716,1467998,1493089554,034_AHU1_CEV_T2_US,60.902,
717,1467999,1493089554,034_AHU1_CEV_AbsPower_US1,0.000,
718,1468000,1493089554,034_AHU1_CEV_E_Cooling_US1,51040.613,
720,1468001,1493089554,034_AHU1_CEV_RelPower,0.000,
721,1468002,1493089554,074_AHU1_CEV_RelPos,34.660,
722,1468003,1493089555,074_AHU1_CEV_RelFlow,23.820,
723,1468004,1493089555,074_AHU1_CEV_AbsFlow_US,7.079,
725,1468005,1493089555,074_AHU1_CEV_DeltaT_US,10.830,
726,1468006,1493089555,074_AHU1_CEV_T2_US,57.523,
727,1468007,1493089556,074_AHU1_CEV_AbsPower_US1,38.356,
728,1468008,1493089556,074_AHU1_CEV_E_Cooling_US1,257491.328,
729,1468009,1493089556,074_AHU1_CEV_E_Heating_US1,1123.891,
730,1468010,1493089556,074_AHU1_CEV_RelPower,17.603,
732,1468011,1493089559,041_AHU1_CEV_RelFlow,8.494,
733,1468012,1493089559,041_AHU1_CEV_AbsFlow_US,21.541,
734,1468013,1493089559,041_AHU1_CEV_T1_US,43.322,
736,1468014,1493089560,041_AHU1_CEV_T2_US,60.047,
737,1468015,1493089560,041_AHU1_CEV_AbsPower_US1,175.350,
738,1468016,1493089560,041_AHU1_CEV_E_Cooling_US1,949952.875,
739,1468017,1493089560,041_AHU1_CEV_E_Heating_US1,2739.214,
740,1468018,1493089560,041_AHU1_CEV_RelPower,10.070,
741,1468019,1493089560,041_AHU2_CEV_RelPos,0.440,
742,1468020,1493089561,041_AHU2_CEV_RelFlow,0.000,
743,1468021,1493089561,041_AHU2_CEV_AbsFlow_US,0.000,
744,1468022,1493089561,041_AHU2_CEV_T1_US,999.900,
745,1468023,1493089561,041_AHU2_CEV_DeltaT_US,1766.121,
746,1468024,1493089561,041_AHU2_CEV_T2_US,65.699,
747,1468025,1493089562,041_AHU2_CEV_AbsPower_US1,0.000,
748,1468026,1493089562,041_AHU2_CEV_E_Cooling_US1,0.000,
751,1468027,1493089563,041_AHU9_CEV_RelPos,72.460,
753,1468028,1493089563,041_AHU9_CEV_AbsFlow_US,20.264,
754,1468029,1493089564,041_AHU9_CEV_T1_US,43.393,
755,1468030,1493089564,041_AHU9_CEV_DeltaT_US,5.232,
756,1468031,1493089564,041_AHU9_CEV_T2_US,48.629,
757,1468032,1493089564,041_AHU9_CEV_AbsPower_US1,53.000,
758,1468033,1493089564,041_AHU9_CEV_E_Cooling_US1,69103.063,
759,1468034,1493089565,041_AHU9_CEV_E_Heating_US1,0.254,
760,1468035,1493089565,041_AHU9_CEV_RelPower,32.185,
761,1468036,1493089565,041_AHU3_CEV_RelPos,19.060,
762,1468037,1493089565,041_AHU3_CEV_RelFlow,2.284,
763,1468038,1493089565,041_AHU3_CEV_AbsFlow_US,6.155,
764,1468039,1493089566,041_AHU3_CEV_T1_US,43.557,
765,1468040,1493089566,041_AHU3_CEV_DeltaT_US,23.709,
766,1468041,1493089566,041_AHU3_CEV_T2_US,67.261,
767,1468042,1493089566,041_AHU3_CEV_AbsPower_US1,73.025,
768,1468043,1493089567,041_AHU3_CEV_E_Cooling_US1,1427494.375,
769,1468044,1493089567,041_AHU3_CEV_E_Heating_US1,0.007,
770,1468045,1493089567,041_AHU3_CEV_RelPower,4.193,
771,1468046,1493089567,041_AHU4_CEV_RelPos,53.560,
772,1468047,1493089567,041_AHU4_CEV_RelFlow,25.701,
773,1468048,1493089567,041_AHU4_CEV_AbsFlow_US,20.559,
774,1468049,1493089568,041_AHU4_CEV_T1_US,43.693,
775,1468050,1493089568,041_AHU4_CEV_DeltaT_US,12.168,
776,1468051,1493089568,041_AHU4_CEV_T2_US,55.856,
777,1468052,1493089568,041_AHU4_CEV_AbsPower_US1,122.543,
778,1468053,1493089568,041_AHU4_CEV_E_Cooling_US1,450067.875,
779,1468054,1493089569,041_AHU4_CEV_E_Heating_US1,3.451,
780,1468055,1493089569,041_AHU4_CEV_RelPower,22.742,
781,1468056,1493089569,041_AHU5_CEV_RelPos,23.520,
782,1468057,1493089569,041_AHU5_CEV_RelFlow,3.795,
783,1468058,1493089569,041_AHU5_CEV_AbsFlow_US,1.819,
784,1468059,1493089571,041_AHU5_CEV_T1_US,45.216,
788,1468060,1493089576,041_AHU5_CEV_E_Cooling_US1,138635.422,
789,1468061,1493089576,041_AHU5_CEV_E_Heating_US1,24.524,
790,1468062,1493089576,041_AHU5_CEV_RelPower,5.369,
791,1468063,1493089576,041_AHU6_CEV_RelPos,86.290,
792,1468064,1493089577,041_AHU6_CEV_RelFlow,99.419,
793,1468065,1493089577,041_AHU6_CEV_AbsFlow_US,34.676,
794,1468066,1493089577,041_AHU6_CEV_T1_US,43.471,
795,1468067,1493089577,041_AHU6_CEV_DeltaT_US,0.575,
796,1468068,1493089577,041_AHU6_CEV_T2_US,44.046,
797,1468069,1493089577,041_AHU6_CEV_AbsPower_US1,10.002,
798,1468070,1493089578,041_AHU6_CEV_E_Cooling_US1,136233.969,
799,1468071,1493089578,041_AHU6_CEV_E_Heating_US1,12.359,
800,1468072,1493089578,041_AHU6_CEV_RelPower,4.649,
801,1468073,1493089578,071_AHU1_CEV_RelPos,0.000,
802,1468074,1493089578,071_AHU1_CEV_RelFlow,0.000,
803,1468075,1493089579,071_AHU1_CEV_AbsFlow_US,0.000,
804,1468076,1493089579,071_AHU1_CEV_T1_US,58.910,
805,1468077,1493089579,071_AHU1_CEV_DeltaT_US,1.138,
806,1468078,1493089579,071_AHU1_CEV_T2_US,60.053,
807,1468079,1493089579,071_AHU1_CEV_AbsPower_US1,0.000,
808,1468080,1493089579,071_AHU1_CEV_E_Cooling_US1,67865.258,
809,1468081,1493089580,071_AHU1_CEV_E_Heating_US1,35.325,
810,1468082,1493089580,071_AHU1_CEV_RelPower,0.000,
811,1468083,1493089580,071_AHU2_CEV_RelPos,0.000,
812,1468084,1493089580,071_AHU2_CEV_RelFlow,0.000,
813,1468085,1493089580,071_AHU2_CEV_AbsFlow_US,0.000,
814,1468086,1493089581,071_AHU2_CEV_T1_US,55.817,
815,1468087,1493089581,071_AHU2_CEV_DeltaT_US,4.421,
816,1468088,1493089581,071_AHU2_CEV_T2_US,60.234,
817,1468089,1493089581,071_AHU2_CEV_AbsPower_US1,0.000,
818,1468090,1493089581,071_AHU2_CEV_E_Cooling_US1,24606.049,
819,1468091,1493089581,071_AHU2_CEV_E_Heating_US1,3.619,
820,1468092,1493089582,071_AHU2_CEV_RelPower,0.000,
821,1468093,1493089582,071_AHU7_CEV_RelPos,19.500,
822,1468094,1493089582,071_AHU7_CEV_RelFlow,3.751,
823,1468095,1493089582,071_AHU7_CEV_AbsFlow_US,0.760,
824,1468096,1493089582,071_AHU7_CEV_T1_US,49.540,
825,1468097,1493089582,071_AHU7_CEV_DeltaT_US,20.603,
829,1468098,1493089592,071_AHU7_CEV_E_Heating_US1,0.803,
830,1468099,1493089592,071_AHU7_CEV_RelPower,4.681,
831,1468100,1493089592,020_AHU1_CEV_RelPos,31.830,
832,1468101,1493089592,020_AHU1_CEV_RelFlow,21.541,
833,1468102,1493089593,020_AHU1_CEV_AbsFlow_US,43.082,
834,1468103,1493089593,020_AHU1_CEV_T1_US,43.520,
835,1468104,1493089593,020_AHU1_CEV_DeltaT_US,13.572,
836,1468105,1493089593,020_AHU1_CEV_T2_US,57.083,
837,1468106,1493089593,020_AHU1_CEV_AbsPower_US1,293.092,
838,1468107,1493089594,020_AHU1_CEV_E_Cooling_US1,3180668.000,
839,1468108,1493089594,020_AHU1_CEV_E_Heating_US1,115.445,
840,1468109,1493089594,020_AHU1_CEV_RelPower,16.822,
841,1468110,1493089594,02_AHU2_CEV_RelPos,35.530,
842,1468111,1493089594,02_AHU2_CEV_RelFlow,21.969,
843,1468112,1493089595,02_AHU2_CEV_AbsFlow_US,52.929,
844,1468113,1493089595,02_AHU2_CEV_T1_US,43.308,
845,1468114,1493089595,02_AHU2_CEV_DeltaT_US,14.246,
846,1468115,1493089596,02_AHU2_CEV_T2_US,57.554,
847,1468116,1493089596,02_AHU2_CEV_AbsPower_US1,373.670,
848,1468117,1493089596,02_AHU2_CEV_E_Cooling_US1,1506713.375,
849,1468118,1493089596,02_AHU2_CEV_E_Heating_US1,1860.367,
850,1468119,1493089596,02_AHU2_CEV_RelPower,21.706,
851,1468120,1493089596,133_AHU1_CEV_RelPos,0.000,
852,1468121,1493089597,133_AHU1_CEV_RelFlow,0.000,
853,1468122,1493089597,133_AHU1_CEV_AbsFlow_US,0.000,
859,1468123,1493089602,133_AHU1_CEV_E_Heating_US1,11501.633,
860,1468124,1493089603,133_AHU1_CEV_RelPower,0.000,
861,1468125,1493089603,133_AHU2_CEV_RelPos,21.450,
862,1468126,1493089603,133_AHU2_CEV_RelFlow,5.339,
863,1468127,1493089603,133_AHU2_CEV_AbsFlow_US,13.540,
864,1468128,1493089603,133_AHU2_CEV_T1_US,43.714,
865,1468129,1493089603,133_AHU2_CEV_DeltaT_US,26.136,
866,1468130,1493089604,133_AHU2_CEV_T2_US,69.850,
867,1468131,1493089604,133_AHU2_CEV_AbsPower_US1,177.009,
868,1468132,1493089604,133_AHU2_CEV_E_Cooling_US1,785548.313,
869,1468133,1493089604,133_AHU2_CEV_E_Heating_US1,0.767,
870,1468134,1493089604,133_AHU2_CEV_RelPower,10.161,
871,1468135,1493089605,133_AHU3_CEV_RelPos,20.970,
872,1468136,1493089605,133_AHU3_CEV_RelFlow,14.255,
873,1468137,1493089605,133_AHU3_CEV_AbsFlow_US,31.647,
874,1468138,1493089605,133_AHU3_CEV_T1_US,43.705,
875,1468139,1493089606,133_AHU3_CEV_DeltaT_US,17.479,
876,1468140,1493089606,133_AHU3_CEV_T2_US,61.188,
877,1468141,1493089606,133_AHU3_CEV_AbsPower_US1,277.144,
878,1468142,1493089606,133_AHU3_CEV_E_Cooling_US1,1917293.750,
879,1468143,1493089606,133_AHU3_CEV_E_Heating_US1,1.526,
880,1468144,1493089606,133_AHU3_CEV_RelPower,10.019,
881,1468145,1493089606,133_AHU4_CEV_RelPos,46.120,
882,1468146,1493089607,133_AHU4_CEV_RelFlow,29.619,
883,1468147,1493089607,133_AHU4_CEV_AbsFlow_US,48.417,
884,1468148,1493089607,133_AHU4_CEV_T1_US,43.935,
885,1468149,1493089607,133_AHU4_CEV_DeltaT_US,10.249,
886,1468150,1493089607,133_AHU4_CEV_T2_US,54.185,
887,1468151,1493089607,133_AHU4_CEV_AbsPower_US1,248.946,
888,1468152,1493089608,133_AHU4_CEV_E_Cooling_US1,906577.938,
889,1468153,1493089608,133_AHU4_CEV_E_Heating_US1,6.659,
890,1468154,1493089608,133_AHU4_CEV_RelPower,24.466,
891,1468155,1493089608,133_AHU5_CEV_RelPos,0.000,
892,1468156,1493089608,133_AHU5_CEV_RelFlow,0.000,
893,1468157,1493089608,133_AHU5_CEV_AbsFlow_US,0.000,
894,1468158,1493089609,133_AHU5_CEV_T1_US,46.850,
895,1468159,1493089609,133_AHU5_CEV_DeltaT_US,25.362,
896,1468160,1493089609,133_AHU5_CEV_T2_US,72.212,
897,1468161,1493089609,133_AHU5_CEV_AbsPower_US1,0.000,
898,1468162,1493089609,133_AHU5_CEV_E_Cooling_US1,3495.093,
899,1468163,1493089609,133_AHU5_CEV_E_Heating_US1,1.135,
900,1468164,1493089610,133_AHU5_CEV_RelPower,0.000,
901,1468165,1493089610,133_AHU1E_CEV_RelPos,100.000,
902,1468166,1493089610,133_AHU1E_CEV_RelFlow,96.914,
903,1468167,1493089610,133_AHU1E_CEV_AbsFlow_US,158.425,
904,1468168,1493089610,133_AHU1E_CEV_T1_US,43.229,
905,1468169,1493089611,133_AHU1E_CEV_DeltaT_US,3.206,
906,1468170,1493089611,133_AHU1E_CEV_T2_US,46.436,
907,1468171,1493089611,133_AHU1E_CEV_AbsPower_US1,255.186,
908,1468172,1493089611,133_AHU1E_CEV_E_Cooling_US1,1267826.750,
909,1468173,1493089611,133_AHU1E_CEV_E_Heating_US1,3.097,
910,1468174,1493089611,133_AHU1E_CEV_RelPower,24.907,
911,1468175,1493089611,133_AHU2E_CEV_RelPos,49.340,
912,1468176,1493089612,133_AHU2E_CEV_RelFlow,29.836,
913,1468177,1493089612,133_AHU2E_CEV_AbsFlow_US,48.773,
914,1468178,1493089612,133_AHU2E_CEV_T1_US,43.451,
915,1468179,1493089612,133_AHU2E_CEV_DeltaT_US,4.056,
916,1468180,1493089612,133_AHU2E_CEV_T2_US,47.506,
917,1468181,1493089612,133_AHU2E_CEV_AbsPower_US1,99.237,
918,1468182,1493089613,133_AHU2E_CEV_E_Cooling_US1,354218.000,
919,1468183,1493089613,133_AHU2E_CEV_E_Heating_US1,2.264,
920,1468184,1493089614,133_AHU2E_CEV_RelPower,9.708,
921,1468185,1493089614,082_RTU1E_CEV_RelPos,51.250,
922,1468186,1493089614,082_RTU1E_CEV_RelFlow,27.349,
923,1468187,1493089614,082_RTU1E_CEV_AbsFlow_US,49.129,
924,1468188,1493089615,082_RTU1E_CEV_T1_US,43.054,
925,1468189,1493089615,082_RTU1E_CEV_DeltaT_US,11.159,
926,1468190,1493089615,082_RTU1E_CEV_T2_US,54.208,
927,1468191,1493089615,082_RTU1E_CEV_AbsPower_US1,272.823,
928,1468192,1493089615,082_RTU1E_CEV_E_Cooling_US1,513366.281,
929,1468193,1493089615,082_RTU1E_CEV_E_Heating_US1,5491.188,
930,1468194,1493089616,082_RTU1E_CEV_RelPower,26.617,
931,1468195,1493089616,082_RTU1E_CEV_RelPos,37.320,
932,1468196,1493089616,082_RTU1E_CEV_RelFlow,15.062,
933,1468197,1493089616,082_RTU1E_CEV_AbsFlow_US,27.057,
934,1468198,1493089616,082_RTU1E_CEV_T1_US,43.663,
935,1468199,1493089616,082_RTU1E_CEV_DeltaT_US,12.105,
936,1468200,1493089616,082_RTU1E_CEV_T2_US,55.768,
937,1468201,1493089617,082_RTU1E_CEV_AbsPower_US1,164.258,
938,1468202,1493089617,082_RTU1E_CEV_E_Cooling_US1,157656.906,
939,1468203,1493089617,082_RTU1E_CEV_E_Heating_US1,249.669,
940,1468204,1493089617,082_RTU1E_CEV_RelPower,16.032,
941,1468205,1493089618,102_AHU1L_CEV_RelPos,68.810,
942,1468206,1493089619,102_AHU1L_CEV_RelFlow,101.599,
943,1468207,1493089619,102_AHU1L_CEV_AbsFlow_US,10.146,
944,1468208,1493089619,102_AHU1L_CEV_T1_US,43.826,
945,1468209,1493089620,102_AHU1L_CEV_DeltaT_US,6.293,
946,1468210,1493089620,102_AHU1L_CEV_T2_US,50.120,
947,1468211,1493089620,102_AHU1L_CEV_AbsPower_US1,32.079,
948,1468212,1493089620,102_AHU1L_CEV_E_Cooling_US1,17926.723,
949,1468213,1493089621,102_AHU1L_CEV_E_Heating_US1,6.246,
950,1468214,1493089622,102_AHU1L_CEV_RelPower,52.209,
951,1468215,1493089623,102_AHU2L_CEV_RelPos,25.930,
952,1468216,1493089624,102_AHU2L_CEV_RelFlow,22.994,
953,1468217,1493089624,102_AHU2L_CEV_AbsFlow_US,2.983,
954,1468218,1493089625,102_AHU2L_CEV_T1_US,44.353,
955,1468219,1493089625,102_AHU2L_CEV_DeltaT_US,18.126,
956,1468220,1493089625,102_AHU2L_CEV_T2_US,62.474,
957,1468221,1493089626,102_AHU2L_CEV_AbsPower_US1,25.624,
959,1468222,1493089629,102_AHU2L_CEV_E_Heating_US1,19.036,
960,1468223,1493089629,102_AHU2L_CEV_RelPower,25.042,
981,1468224,1493089688,161_VAVE_CECVRelPos,23.330,
982,1468225,1493089688,161_VAVE_CECVRelFlow,6.583,
983,1468226,1493089688,161_VAVE_CECVAbsFlow_US,32.606,
984,1468227,1493089688,161_VAVE_CECVT1_US,42.902,
985,1468228,1493089688,161_VAVE_CECVDeltaT_US,8.154,
986,1468229,1493089689,161_VAVE_CECVT2_US,51.046,
987,1468230,1493089689,161_VAVE_CECVAbsPower_US1,133.312,
988,1468231,1493089689,161_VAVE_CECVE_Cooling_US1,258812.000,
989,1468232,1493089689,161_VAVE_CECVE_Heating_US1,16.731,
990,1468233,1493089689,161_VAVE_CECVRelPower,4.667,
991,1468234,1493089690,161_VAVC_CEV_1RelPos,31.890,
992,1468235,1493089690,161_VAVC_CEV_1RelFlow,12.139,
993,1468236,1493089690,161_VAVC_CEV_1AbsFlow_US,86.585,
994,1468237,1493089690,161_VAVC_CEV_1T1_US,43.243,
995,1468238,1493089690,161_VAVC_CEV_1DeltaT_US,14.620,
996,1468239,1493089692,161_VAVC_CEV_1T2_US,57.872,
997,1468240,1493089692,161_VAVC_CEV_1AbsPower_US1,635.263,
998,1468241,1493089692,161_VAVC_CEV_1E_Cooling_US1,1323096.625,
999,1468242,1493089694,161_VAVC_CEV_1E_Heating_US1,596.474,
1000,1468243,1493089695,161_VAVC_CEV_1RelPower,16.327,
1001,1468244,1493089695,161_VAVC_CEV_2RelPos,32.740,
1002,1468245,1493089695,161_VAVC_CEV_2RelFlow,12.139,
1003,1468246,1493089695,161_VAVC_CEV_2AbsFlow_US,86.585,
1004,1468247,1493089695,161_VAVC_CEV_2T1_US,43.086,
1005,1468248,1493089695,161_VAVC_CEV_2DeltaT_US,14.865,
1006,1468249,1493089695,161_VAVC_CEV_2T2_US,57.951,
1007,1468250,1493089695,161_VAVC_CEV_2AbsPower_US1,645.281,
1008,1468251,1493089696,161_VAVC_CEV_2E_Cooling_US1,1377263.125,
1009,1468252,1493089696,161_VAVC_CEV_2E_Heating_US1,194.996,
1010,1468253,1493089696,161_VAVC_CEV_2RelPower,16.574,
1011,1468254,1493089696,161_VAVW_CEV_RelPos,18.340,
1012,1468255,1493089696,161_VAVW_CEV_RelFlow,2.912,
1013,1468256,1493089696,161_VAVW_CEV_AbsFlow_US,9.232,
1014,1468257,1493089697,161_VAVW_CEV_T1_US,43.972,
1015,1468258,1493089697,161_VAVW_CEV_DeltaT_US,19.151,
1016,1468259,1493089697,161_VAVW_CEV_T2_US,63.123,
1017,1468260,1493089697,161_VAVW_CEV_AbsPower_US1,88.545,
1018,1468261,1493089697,161_VAVW_CEV_E_Cooling_US1,251586.047,
1019,1468262,1493089697,161_VAVW_CEV_E_Heating_US1,0.000,
1020,1468263,1493089698,161_VAVW_CEV_RelPower,5.086,
1021,1468264,1493089698,161_MAUE_CEV_RelPos,0.000,
1022,1468265,1493089698,161_MAUE_CEV_RelFlow,0.000,
1023,1468266,1493089698,161_MAUE_CEV_AbsFlow_US,0.000,
1024,1468267,1493089698,161_MAUE_CEV_T1_US,81.175,
1025,1468268,1493089698,161_MAUE_CEV_DeltaT_US,7.475,
1026,1468269,1493089699,161_MAUE_CEV_T2_US,73.700,
1027,1468270,1493089699,161_MAUE_CEV_AbsPower_US1,0.000,
1028,1468271,1493089699,161_MAUE_CEV_E_Cooling_US1,1201.263,
1029,1468272,1493089699,161_MAUE_CEV_E_Heating_US1,10.289,
1030,1468273,1493089699,161_MAUE_CEV_RelPower,0.000,
1031,1468274,1493089700,161_MAUW_CEV_RelPos,0.590,
1032,1468275,1493089700,161_MAUW_CEV_RelFlow,67.645,
1033,1468276,1493089700,161_MAUW_CEV_AbsFlow_US,346.340,
1034,1468277,1493089700,161_MAUW_CEV_T1_US,80.651,
1036,1468278,1493089701,161_MAUW_CEV_T2_US,82.464,
1037,1468279,1493089701,161_MAUW_CEV_AbsPower_US1,311.230,
1038,1468280,1493089701,161_MAUW_CEV_E_Cooling_US1,635026.438,
1039,1468281,1493089702,161_MAUW_CEV_E_Heating_US1,126191.813,
1040,1468282,1493089702,161_MAUW_CEV_RelPower,7.973,
1041,1468283,1493089703,085_MZU1_CEV_RelPos,23.670,
1042,1468284,1493089703,085_MZU1_CEV_RelFlow,6.213,
1043,1468285,1493089703,085_MZU1_CEV_AbsFlow_US,19.695,
1044,1468286,1493089703,085_MZU1_CEV_T1_US,43.451,
1045,1468287,1493089703,085_MZU1_CEV_DeltaT_US,20.623,
1046,1468288,1493089703,085_MZU1_CEV_T2_US,64.074,
1047,1468289,1493089704,085_MZU1_CEV_AbsPower_US1,203.165,
1048,1468290,1493089704,085_MZU1_CEV_E_Cooling_US1,301491.031,
1049,1468291,1493089704,085_MZU1_CEV_E_Heating_US1,63.618,
1050,1468292,1493089704,085_MZU1_CEV_RelPower,11.664,
1051,1468293,1493089704,085_MZU2_CEV_RelPos,20.210,
1052,1468294,1493089705,085_MZU2_CEV_RelFlow,4.854,
1053,1468295,1493089705,085_MZU2_CEV_AbsFlow_US,15.386,
1054,1468296,1493089705,085_MZU2_CEV_T1_US,43.566,
1055,1468297,1493089705,085_MZU2_CEV_DeltaT_US,16.611,
1056,1468298,1493089706,085_MZU2_CEV_T2_US,60.182,
1057,1468299,1493089707,085_MZU2_CEV_AbsPower_US1,128.078,
1058,1468300,1493089708,085_MZU2_CEV_E_Cooling_US1,244273.703,
1059,1468301,1493089710,085_MZU2_CEV_E_Heating_US1,175.480,
1060,1468302,1493089710,085_MZU2_CEV_RelPower,7.351,
1061,1468303,1493089710,085_AHU1R_CEV_RelPos,34.550,
1062,1468304,1493089710,085_AHU1R_CEV_RelFlow,17.333,
1063,1468305,1493089711,085_AHU1R_CEV_AbsFlow_US,8.967,
1064,1468306,1493089711,085_AHU1R_CEV_T1_US,46.065,
1065,1468307,1493089711,085_AHU1R_CEV_DeltaT_US,22.644,
1066,1468308,1493089711,085_AHU1R_CEV_T2_US,68.709,
1067,1468309,1493089712,085_AHU1R_CEV_AbsPower_US1,102.197,
1068,1468310,1493089712,085_AHU1R_CEV_E_Cooling_US1,194916.297,
1069,1468311,1493089712,085_AHU1R_CEV_E_Heating_US1,1051.814,
1070,1468312,1493089712,085_AHU1R_CEV_RelPower,24.700,
1081,1468313,1493089743,120_AHU103C_CEV_RelPos,20.900,
1082,1468314,1493089745,120_AHU103C_CEV_RelFlow,7.249,
1083,1468315,1493089746,120_AHU103C_CEV_AbsFlow_US,3.409,
1084,1468316,1493089747,120_AHU103C_CEV_T1_US,48.779,
1085,1468317,1493089748,120_AHU103C_CEV_DeltaT_US,16.015,
1086,1468318,1493089749,120_AHU103C_CEV_T2_US,64.789,
1087,1468319,1493089750,120_AHU103C_CEV_AbsPower_US1,27.945,
1088,1468320,1493089750,120_AHU103C_CEV_E_Cooling_US1,3642.322,
1089,1468321,1493089752,120_AHU103C_CEV_E_Heating_US1,97.292,
1090,1468322,1493089754,120_AHU103C_CEV_RelPower,6.585,
1091,1468323,1493089756,120_AHU107_CEV_RelPos,0.000,
1092,1468324,1493089757,120_AHU107_CEV_RelFlow,0.000,
1093,1468325,1493089759,120_AHU107_CEV_AbsFlow_US,0.000,
1094,1468326,1493089760,120_AHU107_CEV_T1_US,72.154,
1095,1468327,1493089761,120_AHU107_CEV_DeltaT_US,0.327,
1096,1468328,1493089761,120_AHU107_CEV_T2_US,72.476,
1097,1468329,1493089762,120_AHU107_CEV_AbsPower_US1,0.000,
1099,1468330,1493089765,120_AHU107_CEV_E_Heating_US1,0.288,
1100,1468331,1493089766,120_AHU107_CEV_RelPower,0.000,
1101,1468332,1493089768,116_AHU114_CEV_RelPos,0.000,
1102,1468333,1493089770,116_AHU114_CEV_RelFlow,0.000,
1103,1468334,1493089771,116_AHU114_CEV_AbsFlow_US,0.000,
1104,1468335,1493089773,116_AHU114_CEV_T1_US,75.137,
1105,1468336,1493089774,116_AHU114_CEV_DeltaT_US,1.134,
1106,1468337,1493089774,116_AHU114_CEV_T2_US,76.267,
1107,1468338,1493089774,116_AHU114_CEV_AbsPower_US1,0.000,
1108,1468339,1493089774,116_AHU114_CEV_E_Cooling_US1,61296.723,
1109,1468340,1493089775,116_AHU114_CEV_E_Heating_US1,1.042,
1110,1468341,1493089775,116_AHU114_CEV_RelPower,0.000,
1111,1468342,1493089775,116_AHU218_CEV_RelPos,0.000,
1112,1468343,1493089775,116_AHU218_CEV_RelFlow,0.000,
1113,1468344,1493089776,116_AHU218_CEV_AbsFlow_US,0.000,
1114,1468345,1493089776,116_AHU218_CEV_T1_US,75.142,
1115,1468346,1493089777,116_AHU218_CEV_DeltaT_US,1.125,
1116,1468347,1493089778,116_AHU218_CEV_T2_US,76.267,
1117,1468348,1493089778,116_AHU218_CEV_AbsPower_US1,0.000,
1118,1468349,1493089779,116_AHU218_CEV_E_Cooling_US1,61296.723,
1119,1468350,1493089785,116_AHU218_CEV_E_Heating_US1,1.042,
1120,1468351,1493089785,116_AHU218_CEV_RelPower,0.000,
81,1468352,1493089809,027_BC1_CEV_RelPos,69.610,
82,1468353,1493089809,027_BC1_CEV_RelFlow,59.004,
83,1468354,1493089809,027_BC1_CEV_AbsFlow_US,8.604,
84,1468355,1493089809,027_BC1_CEV_T1_US,43.411,
85,1468356,1493089809,027_BC1_CEV_DeltaT_US,4.793,
86,1468357,1493089809,027_BC1_CEV_T2_US,48.204,
87,1468358,1493089809,027_BC1_CEV_AbsPower_US1,20.745,
88,1468359,1493089810,027_BC1_CEV_E_Cooling_US1,58474.520,
89,1468360,1493089810,027_BC1_CEV_E_Heating_US1,0.402,
90,1468361,1493089812,027_BC1_CEV_RelPower,20.263,
94,1468362,1493089817,027_AHU1W_CEV_T1_US,71.036,
95,1468363,1493089817,027_AHU1W_CEV_DeltaT_US,2.164,
96,1468364,1493089817,027_AHU1W_CEV_T2_US,73.200,
97,1468365,1493089817,027_AHU1W_CEV_AbsPower_US1,0.000,
98,1468366,1493089817,027_AHU1W_CEV_E_Cooling_US1,21216.904,
99,1468367,1493089818,027_AHU1W_CEV_E_Heating_US1,0.356,
100,1468368,1493089818,027_AHU1W_CEV_RelPower,0.000,
102,1468369,1493089819,027_BC2_CEV_RelFlow,51.675,
103,1468370,1493089819,027_BC2_CEV_AbsFlow_US,9.437,
104,1468371,1493089820,027_BC2_CEV_T1_US,43.683,
105,1468372,1493089820,027_BC2_CEV_DeltaT_US,6.335,
106,1468373,1493089820,027_BC2_CEV_T2_US,50.018,
107,1468374,1493089820,027_BC2_CEV_AbsPower_US1,29.981,
108,1468375,1493089820,027_BC2_CEV_E_Cooling_US1,166344.969,
109,1468376,1493089820,027_BC2_CEV_E_Heating_US1,10.563,
110,1468377,1493089821,027_BC2_CEV_RelPower,29.320,
111,1468378,1493089821,027_AHU2E_CEV_RelPos,26.970,
112,1468379,1493089821,027_AHU2E_CEV_RelFlow,13.437,
113,1468380,1493089821,027_AHU2E_CEV_AbsFlow_US,1.543,
114,1468381,1493089821,027_AHU2E_CEV_T1_US,44.556,
115,1468382,1493089821,027_AHU2E_CEV_DeltaT_US,14.699,
116,1468383,1493089822,027_AHU2E_CEV_T2_US,59.255,
117,1468384,1493089822,027_AHU2E_CEV_AbsPower_US1,11.393,
118,1468385,1493089822,027_AHU2E_CEV_E_Cooling_US1,70282.094,
119,1468386,1493089822,027_AHU2E_CEV_E_Heating_US1,21.885,
120,1468387,1493089822,027_AHU2E_CEV_RelPower,11.119,
121,1468388,1493089823,027_AHU3_CEV_RelPos,0.000,
122,1468389,1493089823,027_AHU3_CEV_RelFlow,0.000,
21,1468390,1493089824,001_AHU106_CEV_RelPos,25.740,
123,1468391,1493089824,027_AHU3_CEV_AbsFlow_US,0.000,
124,1468392,1493089824,027_AHU3_CEV_T1_US,53.694,
125,1468393,1493089824,027_AHU3_CEV_DeltaT_US,9.170,
126,1468394,1493089824,027_AHU3_CEV_T2_US,62.864,
127,1468395,1493089824,027_AHU3_CEV_AbsPower_US1,0.000,
128,1468396,1493089825,027_AHU3_CEV_E_Cooling_US1,86725.180,
129,1468397,1493089825,027_AHU3_CEV_E_Heating_US1,4.602,
130,1468398,1493089825,027_AHU3_CEV_RelPower,0.000,
131,1468399,1493089825,027_AHU4_CEV_RelPos,57.780,
132,1468400,1493089826,027_AHU4_CEV_RelFlow,40.974,
133,1468401,1493089826,027_AHU4_CEV_AbsFlow_US,5.079,
134,1468402,1493089826,027_AHU4_CEV_T1_US,43.596,
138,1468403,1493089833,027_AHU4_CEV_E_Cooling_US1,76844.148,
139,1468404,1493089833,027_AHU4_CEV_E_Heating_US1,4.388,
140,1468405,1493089833,027_AHU4_CEV_RelPower,15.202,
141,1468406,1493089833,027_AHu1_CEV_RelPos,17.400,
142,1468407,1493089833,027_AHu1_CEV_RelFlow,1.330,
143,1468408,1493089834,027_AHu1_CEV_AbsFlow_US,0.133,
144,1468409,1493089834,027_AHu1_CEV_T1_US,44.602,
145,1468410,1493089834,027_AHu1_CEV_DeltaT_US,30.811,
146,1468411,1493089834,027_AHu1_CEV_T2_US,75.413,
147,1468412,1493089834,027_AHu1_CEV_AbsPower_US1,2.054,
148,1468413,1493089835,027_AHu1_CEV_E_Cooling_US1,49645.563,
149,1468414,1493089835,027_AHu1_CEV_E_Heating_US1,0.187,
150,1468415,1493089835,027_AHu1_CEV_RelPower,3.327,
151,1468416,1493089836,027_AHu2_CEV_RelPos,20.300,
152,1468417,1493089836,027_AHu2_CEV_RelFlow,3.919,
153,1468418,1493089836,027_AHu2_CEV_AbsFlow_US,0.486,
154,1468419,1493089836,027_AHu2_CEV_T1_US,44.136,
155,1468420,1493089836,027_AHu2_CEV_DeltaT_US,29.946,
156,1468421,1493089837,027_AHu2_CEV_T2_US,74.081,
157,1468422,1493089837,027_AHu2_CEV_AbsPower_US1,7.184,
159,1468423,1493089837,027_AHu2_CEV_E_Heating_US1,1.741,
160,1468424,1493089838,027_AHu2_CEV_RelPower,7.049,
161,1468425,1493089838,091_AHU101_CEV_RelPos,0.000,
162,1468426,1493089838,091_AHU101_CEV_RelFlow,0.000,
163,1468427,1493089839,091_AHU101_CEV_AbsFlow_US,0.000,
164,1468428,1493089839,091_AHU101_CEV_T1_US,43.640,
165,1468429,1493089839,091_AHU101_CEV_DeltaT_US,11.616,
166,1468430,1493089839,091_AHU101_CEV_T2_US,55.260,
167,1468431,1493089839,091_AHU101_CEV_AbsPower_US1,0.000,
168,1468432,1493089839,091_AHU101_CEV_E_Cooling_US1,251242.875,
169,1468433,1493089840,091_AHU101_CEV_E_Heating_US1,29.082,
170,1468434,1493089840,091_AHU101_CEV_RelPower,0.000,
171,1468435,1493089840,091_AHU102_CEV_RelPos,31.430,
172,1468436,1493089840,091_AHU102_CEV_RelFlow,12.273,
173,1468437,1493089840,091_AHU102_CEV_AbsFlow_US,3.256,
174,1468438,1493089841,091_AHU102_CEV_T1_US,43.896,
175,1468439,1493089841,091_AHU102_CEV_DeltaT_US,24.651,
176,1468440,1493089841,091_AHU102_CEV_T2_US,68.547,
177,1468441,1493089841,091_AHU102_CEV_AbsPower_US1,40.163,
178,1468442,1493089841,091_AHU102_CEV_E_Cooling_US1,80045.086,
179,1468443,1493089842,091_AHU102_CEV_E_Heating_US1,15.682,
180,1468444,1493089842,091_AHU102_CEV_RelPower,24.312,
181,1468445,1493089842,091_AHU103_CEV_RelPos,4.580,
182,1468446,1493089842,091_AHU103_CEV_RelFlow,0.000,
183,1468447,1493089842,091_AHU103_CEV_AbsFlow_US,0.000,
184,1468448,1493089843,091_AHU103_CEV_T1_US,43.845,
185,1468449,1493089843,091_AHU103_CEV_DeltaT_US,24.920,
186,1468450,1493089843,091_AHU103_CEV_T2_US,68.765,
187,1468451,1493089843,091_AHU103_CEV_AbsPower_US1,0.000,
188,1468452,1493089843,091_AHU103_CEV_E_Cooling_US1,100825.242,
191,1468453,1493089849,091_AHU01_CEV_1RelPos,20.740,
192,1468454,1493089851,091_AHU01_CEV_1RelFlow,4.391,
199,1468455,1493089860,091_AHU01_CEV_1E_Heating_US1,2762.525,
200,1468456,1493089860,091_AHU01_CEV_1RelPower,7.029,
201,1468457,1493089861,091_AHU01_CEV_2RelPos,25.630,
202,1468458,1493089861,091_AHU01_CEV_2RelFlow,4.391,
203,1468459,1493089861,091_AHU01_CEV_2AbsFlow_US,21.098,
204,1468460,1493089861,091_AHU01_CEV_2T1_US,44.720,
22,1468461,1493089862,001_AHU106_CEV_RelFlow,7.044,
205,1468462,1493089862,091_AHU01_CEV_2DeltaT_US,16.802,
23,1468463,1493089862,001_AHU106_CEV_AbsFlow_US,2.832,
206,1468464,1493089862,091_AHU01_CEV_2T2_US,61.518,
207,1468465,1493089862,091_AHU01_CEV_2AbsPower_US1,177.532,
208,1468466,1493089863,091_AHU01_CEV_2E_Cooling_US1,1101693.750,
209,1468467,1493089863,091_AHU01_CEV_2E_Heating_US1,233.098,
210,1468468,1493089863,091_AHU01_CEV_2RelPower,6.418,
211,1468469,1493089863,091_AHU319_CEV_RelPos,0.000,
212,1468470,1493089863,091_AHU319_CEV_RelFlow,0.000,
213,1468471,1493089864,091_AHU319_CEV_AbsFlow_US,0.000,
215,1468472,1493089867,091_AHU319_CEV_DeltaT_US,1.311,
216,1468473,1493089867,091_AHU319_CEV_T2_US,71.818,
217,1468474,1493089867,091_AHU319_CEV_AbsPower_US1,0.000,
218,1468475,1493089867,091_AHU319_CEV_E_Cooling_US1,811.358,
220,1468476,1493089871,091_AHU319_CEV_RelPower,0.000,
223,1468477,1493089873,091_AHU504_CEV_AbsFlow_US,0.608,
224,1468478,1493089873,091_AHU504_CEV_T1_US,44.030,
225,1468479,1493089873,091_AHU504_CEV_DeltaT_US,22.852,
227,1468480,1493089876,091_AHU504_CEV_AbsPower_US1,6.650,
228,1468481,1493089876,091_AHU504_CEV_E_Cooling_US1,37800.672,
229,1468482,1493089876,091_AHU504_CEV_E_Heating_US1,0.194,
230,1468483,1493089876,091_AHU504_CEV_RelPower,3.132,
24,1468484,1493089921,001_AHU106_CEV_T1_US,44.500,
25,1468485,1493089933,001_AHU106_CEV_DeltaT_US,16.295,
1,1468486,1493089954,136A_Ahu1_CEV__RelPos,46.290,
26,1468487,1493089964,001_AHU106_CEV_T2_US,60.377,
27,1468488,1493089967,001_AHU106_CEV_AbsPower_US1,22.901,
271,1468489,1493089997,165_MAU1_CEV_1RelPos,0.000,
272,1468490,1493089997,165_MAU1_CEV_1RelFlow,0.000,
273,1468491,1493089997,165_MAU1_CEV_1AbsFlow_US,0.000,
274,1468492,1493089997,165_MAU1_CEV_1T1_US,89.127,
275,1468493,1493089997,165_MAU1_CEV_1DeltaT_US,11.446,
276,1468494,1493089997,165_MAU1_CEV_1T2_US,77.676,
28,1468495,1493089998,001_AHU106_CEV_E_Cooling_US1,236593.813,
277,1468496,1493089998,165_MAU1_CEV_1AbsPower_US1,0.000,
278,1468497,1493089998,165_MAU1_CEV_1E_Cooling_US1,3099698.000,
279,1468498,1493089998,165_MAU1_CEV_1E_Heating_US1,1064.822,
280,1468499,1493089999,165_MAU1_CEV_1RelPower,0.000,
281,1468500,1493089999,165_MAU1_CEV_2RelPos,0.000,
282,1468501,1493089999,165_MAU1_CEV_2RelFlow,0.000,
283,1468502,1493089999,165_MAU1_CEV_2AbsFlow_US,0.000,
284,1468503,1493089999,165_MAU1_CEV_2T1_US,89.257,
29,1468504,1493090000,001_AHU106_CEV_E_Heating_US1,207.230,
30,1468505,1493090000,001_AHU106_CEV_RelPower,5.137,
285,1468506,1493090001,165_MAU1_CEV_2DeltaT_US,11.075,
286,1468507,1493090001,165_MAU1_CEV_2T2_US,78.186,
287,1468508,1493090001,165_MAU1_CEV_2AbsPower_US1,0.000,
288,1468509,1493090001,165_MAU1_CEV_2E_Cooling_US1,3411292.250,
289,1468510,1493090001,165_MAU1_CEV_2E_Heating_US1,5553.084,
31,1468511,1493090002,001_AHU118_CEV_RelPos,29.710,
290,1468512,1493090002,165_MAU1_CEV_2RelPower,0.000,
291,1468513,1493090002,165_AHU1_CEV_RelPos,0.000,
292,1468514,1493090002,165_AHU1_CEV_RelFlow,0.000,
293,1468515,1493090002,165_AHU1_CEV_AbsFlow_US,0.000,
294,1468516,1493090002,165_AHU1_CEV_T1_US,74.928,
295,1468517,1493090003,165_AHU1_CEV_DeltaT_US,1.195,
296,1468518,1493090003,165_AHU1_CEV_T2_US,76.127,
297,1468519,1493090003,165_AHU1_CEV_AbsPower_US1,0.000,
298,1468520,1493090003,165_AHU1_CEV_E_Cooling_US1,268.918,
2,1468521,1493090003,136A_Ahu1_CEV_RelFlow,21.962,
299,1468522,1493090004,165_AHU1_CEV_E_Heating_US1,0.007,
300,1468523,1493090004,165_AHU1_CEV_RelPower,0.000,
301,1468524,1493090004,165_AHU2_CEV_RelPos,19.260,
302,1468525,1493090004,165_AHU2_CEV_RelFlow,4.297,
303,1468526,1493090004,165_AHU2_CEV_AbsFlow_US,0.509,
304,1468527,1493090004,165_AHU2_CEV_T1_US,44.602,
305,1468528,1493090004,165_AHU2_CEV_DeltaT_US,21.690,
306,1468529,1493090005,165_AHU2_CEV_T2_US,66.292,
307,1468530,1493090005,165_AHU2_CEV_AbsPower_US1,5.506,
308,1468531,1493090005,165_AHU2_CEV_E_Cooling_US1,16943.977,
309,1468532,1493090005,165_AHU2_CEV_E_Heating_US1,0.573,
310,1468533,1493090005,165_AHU2_CEV_RelPower,5.354,
32,1468534,1493090006,001_AHU118_CEV_RelFlow,9.503,
33,1468535,1493090018,001_AHU118_CEV_AbsFlow_US,2.875,
321,1468536,1493090033,003_AHU2_CEV_RelPos,30.240,
323,1468537,1493090036,003_AHU2_CEV_AbsFlow_US,2.541,
324,1468538,1493090036,003_AHU2_CEV_T1_US,46.370,
325,1468539,1493090036,003_AHU2_CEV_DeltaT_US,16.634,
326,1468540,1493090036,003_AHU2_CEV_T2_US,63.003,
327,1468541,1493090036,003_AHU2_CEV_AbsPower_US1,21.246,
328,1468542,1493090036,003_AHU2_CEV_E_Cooling_US1,52595.715,
329,1468543,1493090037,003_AHU2_CEV_E_Heating_US1,9.939,
330,1468544,1493090037,003_AHU2_CEV_RelPower,20.711,
3,1468545,1493090037,136A_Ahu1_CEV_AbsFlow_US,85.273,
331,1468546,1493090037,168_AHU1_CEV_RelPos,28.640,
332,1468547,1493090037,168_AHU1_CEV_RelFlow,6.485,
333,1468548,1493090037,168_AHU1_CEV_AbsFlow_US,8.223,
334,1468549,1493090037,168_AHU1_CEV_T1_US,44.508,
335,1468550,1493090038,168_AHU1_CEV_DeltaT_US,22.897,
336,1468551,1493090038,168_AHU1_CEV_T2_US,67.405,
337,1468552,1493090038,168_AHU1_CEV_AbsPower_US1,94.217,
338,1468553,1493090038,168_AHU1_CEV_E_Cooling_US1,101393.594,
339,1468554,1493090038,168_AHU1_CEV_E_Heating_US1,13.297,
340,1468555,1493090038,168_AHU1_CEV_RelPower,13.132,
341,1468556,1493090038,168_AHU2_CEV_RelPos,30.070,
34,1468557,1493090039,001_AHU118_CEV_T1_US,44.385,
342,1468558,1493090039,168_AHU2_CEV_RelFlow,8.646,
343,1468559,1493090039,168_AHU2_CEV_AbsFlow_US,10.964,
344,1468560,1493090039,168_AHU2_CEV_T1_US,44.069,
345,1468561,1493090039,168_AHU2_CEV_DeltaT_US,19.086,
346,1468562,1493090039,168_AHU2_CEV_T2_US,63.151,
347,1468563,1493090039,168_AHU2_CEV_AbsPower_US1,104.777,
348,1468564,1493090039,168_AHU2_CEV_E_Cooling_US1,112615.508,
349,1468565,1493090040,168_AHU2_CEV_E_Heating_US1,14.201,
350,1468566,1493090040,168_AHU2_CEV_RelPower,14.606,
351,1468567,1493090040,168_MAU1_CEV_RelPos,0.150,
352,1468568,1493090040,168_MAU1_CEV_RelFlow,0.000,
35,1468569,1493090041,001_AHU118_CEV_DeltaT_US,20.381,
353,1468570,1493090041,168_MAU1_CEV_AbsFlow_US,0.000,
354,1468571,1493090041,168_MAU1_CEV_T1_US,73.768,
355,1468572,1493090041,168_MAU1_CEV_DeltaT_US,0.230,
356,1468573,1493090041,168_MAU1_CEV_T2_US,73.539,
357,1468574,1493090041,168_MAU1_CEV_AbsPower_US1,0.000,
358,1468575,1493090041,168_MAU1_CEV_E_Cooling_US1,4.537,
359,1468576,1493090042,168_MAU1_CEV_E_Heating_US1,1.746,
360,1468577,1493090042,168_MAU1_CEV_RelPower,0.000,
361,1468578,1493090042,168_AHU3_CEV_RelPos,0.000,
362,1468579,1493090042,168_AHU3_CEV_RelFlow,0.000,
363,1468580,1493090042,168_AHU3_CEV_AbsFlow_US,0.000,
364,1468581,1493090043,168_AHU3_CEV_T1_US,63.808,
365,1468582,1493090043,168_AHU3_CEV_DeltaT_US,6.535,
366,1468583,1493090043,168_AHU3_CEV_T2_US,57.273,
367,1468584,1493090043,168_AHU3_CEV_AbsPower_US1,0.000,
368,1468585,1493090043,168_AHU3_CEV_E_Cooling_US1,342.372,
369,1468586,1493090043,168_AHU3_CEV_E_Heating_US1,0.104,
370,1468587,1493090043,168_AHU3_CEV_RelPower,0.000,
371,1468588,1493090044,168_AHU4_CEV_RelPos,0.150,
372,1468589,1493090044,168_AHU4_CEV_RelFlow,0.000,
373,1468590,1493090044,168_AHU4_CEV_AbsFlow_US,0.000,
374,1468591,1493090044,168_AHU4_CEV_T1_US,47.473,
375,1468592,1493090044,168_AHU4_CEV_DeltaT_US,20.745,
376,1468593,1493090044,168_AHU4_CEV_T2_US,68.208,
377,1468594,1493090045,168_AHU4_CEV_AbsPower_US1,0.000,
378,1468595,1493090045,168_AHU4_CEV_E_Cooling_US1,39584.332,
4,1468596,1493090045,136A_Ahu1_CEV_T1_US,43.086,
5,1468597,1493090045,136A_Ahu1_CEV_DeltaT_US,20.041,
379,1468598,1493090046,168_AHU4_CEV_E_Heating_US1,0.128,
380,1468599,1493090046,168_AHU4_CEV_RelPower,0.000,
381,1468600,1493090046,153D_AHU1_CEV_RelPos,44.280,
382,1468601,1493090046,153D_AHU1_CEV_RelFlow,17.491,
383,1468602,1493090046,153D_AHU1_CEV_AbsFlow_US,9.981,
6,1468603,1493090047,136A_Ahu1_CEV_T2_US,62.998,
384,1468604,1493090047,153D_AHU1_CEV_T1_US,44.270,
385,1468605,1493090047,153D_AHU1_CEV_DeltaT_US,13.073,
386,1468606,1493090047,153D_AHU1_CEV_T2_US,57.343,
387,1468607,1493090047,153D_AHU1_CEV_AbsPower_US1,65.395,
36,1468608,1493090047,001_AHU118_CEV_T2_US,64.808,
388,1468609,1493090048,153D_AHU1_CEV_E_Cooling_US1,225146.203,
389,1468610,1493090048,153D_AHU1_CEV_E_Heating_US1,5724.011,
390,1468611,1493090048,153D_AHU1_CEV_RelPower,15.492,
37,1468612,1493090052,001_AHU118_CEV_AbsPower_US1,28.675,
392,1468613,1493090052,153D_AHU3_CEV_RelFlow,15.116,
393,1468614,1493090052,153D_AHU3_CEV_AbsFlow_US,13.754,
394,1468615,1493090053,153D_AHU3_CEV_T1_US,44.099,
395,1468616,1493090053,153D_AHU3_CEV_DeltaT_US,15.870,
8,1468617,1493090053,136A_Ahu1_CEV_E_Cooling_US1,6264258.000,
396,1468618,1493090053,153D_AHU3_CEV_T2_US,59.974,
397,1468619,1493090053,153D_AHU3_CEV_AbsPower_US1,107.254,
398,1468620,1493090053,153D_AHU3_CEV_E_Cooling_US1,605367.813,
399,1468621,1493090053,153D_AHU3_CEV_E_Heating_US1,3.015,
400,1468622,1493090053,153D_AHU3_CEV_RelPower,19.823,
38,1468623,1493090054,001_AHU118_CEV_E_Cooling_US1,620044.313,
401,1468624,1493090054,153D_AHU2_CEV_RelPos,22.960,
402,1468625,1493090054,153D_AHU2_CEV_RelFlow,5.895,
403,1468626,1493090054,153D_AHU2_CEV_AbsFlow_US,7.475,
404,1468627,1493090054,153D_AHU2_CEV_T1_US,44.420,
405,1468628,1493090055,153D_AHU2_CEV_DeltaT_US,13.499,
406,1468629,1493090055,153D_AHU2_CEV_T2_US,57.919,
407,1468630,1493090056,153D_AHU2_CEV_AbsPower_US1,50.567,
408,1468631,1493090056,153D_AHU2_CEV_E_Cooling_US1,243459.922,
409,1468632,1493090056,153D_AHU2_CEV_E_Heating_US1,1751.859,
410,1468633,1493090056,153D_AHU2_CEV_RelPower,7.048,
39,1468634,1493090059,001_AHU118_CEV_E_Heating_US1,672.630,
9,1468635,1493090062,136A_Ahu1_CEV_E_Heating_US1,206.046,
40,1468636,1493090065,001_AHU118_CEV_RelPower,13.502,
41,1468637,1493090071,001_OAU_CEV_RelPos,52.150,
42,1468638,1493090077,001_OAU_CEV_RelFlow,47.077,
10,1468639,1493090080,136A_Ahu1_CEV_RelPower,0.000,
421,1468640,1493090086,153R_AHU1_CEV_RelPos,25.700,
422,1468641,1493090086,153R_AHU1_CEV_RelFlow,9.328,
423,1468642,1493090086,153R_AHU1_CEV_AbsFlow_US,6.369,
424,1468643,1493090086,153R_AHU1_CEV_T1_US,44.731,
425,1468644,1493090086,153R_AHU1_CEV_DeltaT_US,19.928,
43,1468645,1493090086,001_OAU_CEV_AbsFlow_US,21.374,
44,1468646,1493090087,001_OAU_CEV_T1_US,44.413,
45,1468647,1493090087,001_OAU_CEV_DeltaT_US,1.502,
426,1468648,1493090087,153R_AHU1_CEV_T2_US,64.655,
427,1468649,1493090087,153R_AHU1_CEV_AbsPower_US1,65.392,
428,1468650,1493090087,153R_AHU1_CEV_E_Cooling_US1,83004.156,
429,1468651,1493090087,153R_AHU1_CEV_E_Heating_US1,171.224,
46,1468652,1493090088,001_OAU_CEV_T2_US,45.924,
47,1468653,1493090088,001_OAU_CEV_AbsPower_US1,17.281,
48,1468654,1493090088,001_OAU_CEV_E_Cooling_US1,207791.609,
430,1468655,1493090088,153R_AHU1_CEV_RelPower,15.126,
431,1468656,1493090088,153R_AHU2_CEV_RelPos,13.780,
432,1468657,1493090088,153R_AHU2_CEV_RelFlow,2.058,
433,1468658,1493090089,153R_AHU2_CEV_AbsFlow_US,0.446,
49,1468659,1493090089,001_OAU_CEV_E_Heating_US1,8.109,
50,1468660,1493090089,001_OAU_CEV_RelPower,4.407,
51,1468661,1493090090,009_AHU2_CEV_RelPos,61.928,
436,1468662,1493090094,153R_AHU2_CEV_T2_US,72.569,
61,1468663,1493090095,009_AHU1R_CEV_RelPos,100.000,
437,1468664,1493090095,153R_AHU2_CEV_AbsPower_US1,5.779,
438,1468665,1493090095,153R_AHU2_CEV_E_Cooling_US1,66845.859,
439,1468666,1493090095,153R_AHU2_CEV_E_Heating_US1,11.194,
62,1468667,1493090096,009_AHU1R_CEV_RelFlow,0.000,
63,1468668,1493090096,009_AHU1R_CEV_AbsFlow_US,0.000,
440,1468669,1493090096,153R_AHU2_CEV_RelPower,3.540,
441,1468670,1493090096,153R_CVAV_CEV_RelPos,22.840,
443,1468671,1493090099,153R_CVAV_CEV_AbsFlow_US,56.580,
64,1468672,1493090099,009_AHU1R_CEV_T1_US,73.671,
444,1468673,1493090099,153R_CVAV_CEV_T1_US,43.889,
445,1468674,1493090099,153R_CVAV_CEV_DeltaT_US,17.220,
446,1468675,1493090099,153R_CVAV_CEV_T2_US,61.109,
447,1468676,1493090100,153R_CVAV_CEV_AbsPower_US1,488.160,
448,1468677,1493090100,153R_CVAV_CEV_E_Cooling_US1,934556.375,
449,1468678,1493090100,153R_CVAV_CEV_E_Heating_US1,2431.064,
450,1468679,1493090101,153R_CVAV_CEV_RelPower,17.642,
65,1468680,1493090101,009_AHU1R_CEV_DeltaT_US,2.215,
66,1468681,1493090101,009_AHU1R_CEV_T2_US,75.891,
451,1468682,1493090101,153F_AHU1_CEV_RelPos,28.360,
452,1468683,1493090101,153F_AHU1_CEV_RelFlow,8.808,
67,1468684,1493090102,009_AHU1R_CEV_AbsPower_US1,0.000,
453,1468685,1493090102,153F_AHU1_CEV_AbsFlow_US,11.392,
454,1468686,1493090102,153F_AHU1_CEV_T1_US,43.585,
11,1468687,1493090102,136A_Ahu1_CEV_RelPos,32.500,
455,1468688,1493090102,153F_AHU1_CEV_DeltaT_US,16.142,
456,1468689,1493090102,153F_AHU1_CEV_T2_US,59.727,
457,1468690,1493090103,153F_AHU1_CEV_AbsPower_US1,92.164,
458,1468691,1493090103,153F_AHU1_CEV_E_Cooling_US1,355396.531,
459,1468692,1493090103,153F_AHU1_CEV_E_Heating_US1,10.462,
460,1468693,1493090103,153F_AHU1_CEV_RelPower,8.996,
68,1468694,1493090103,009_AHU1R_CEV_E_Cooling_US1,327567.094,
461,1468695,1493090103,153F_AHU2_CEV_RelPos,25.370,
462,1468696,1493090104,153F_AHU2_CEV_RelFlow,11.488,
463,1468697,1493090104,153F_AHU2_CEV_AbsFlow_US,9.469,
464,1468698,1493090104,153F_AHU2_CEV_T1_US,43.612,
465,1468699,1493090104,153F_AHU2_CEV_DeltaT_US,14.551,
466,1468700,1493090104,153F_AHU2_CEV_T2_US,58.163,
467,1468701,1493090104,153F_AHU2_CEV_AbsPower_US1,69.028,
468,1468702,1493090105,153F_AHU2_CEV_E_Cooling_US1,305417.188,
469,1468703,1493090105,153F_AHU2_CEV_E_Heating_US1,21.333,
470,1468704,1493090105,153F_AHU2_CEV_RelPower,9.622,
12,1468705,1493090105,136A_Ahu1_CEV_RelFlow,7.310,
69,1468706,1493090105,009_AHU1R_CEV_E_Heating_US1,3.011,
70,1468707,1493090105,009_AHU1R_CEV_RelPower,0.000,
471,1468708,1493090106,153F_AHU3_CEV_RelPos,47.390,
472,1468709,1493090106,153F_AHU3_CEV_RelFlow,16.900,
473,1468710,1493090106,153F_AHU3_CEV_AbsFlow_US,21.180,
474,1468711,1493090106,153F_AHU3_CEV_T1_US,43.751,
475,1468712,1493090106,153F_AHU3_CEV_DeltaT_US,15.814,
476,1468713,1493090107,153F_AHU3_CEV_T2_US,59.565,
477,1468714,1493090107,153F_AHU3_CEV_AbsPower_US1,165.891,
478,1468715,1493090107,153F_AHU3_CEV_E_Cooling_US1,368718.000,
479,1468716,1493090107,153F_AHU3_CEV_E_Heating_US1,10.445,
13,1468717,1493090107,136A_Ahu1_CEV_AbsFlow_US,49.852,
481,1468718,1493090110,153F_AHU4_CEV_RelPos,39.580,
482,1468719,1493090110,153F_AHU4_CEV_RelFlow,15.131,
483,1468720,1493090110,153F_AHU4_CEV_AbsFlow_US,19.187,
484,1468721,1493090110,153F_AHU4_CEV_T1_US,43.552,
485,1468722,1493090110,153F_AHU4_CEV_DeltaT_US,14.892,
486,1468723,1493090111,153F_AHU4_CEV_T2_US,58.440,
488,1468724,1493090111,153F_AHU4_CEV_E_Cooling_US1,283201.438,
489,1468725,1493090112,153F_AHU4_CEV_E_Heating_US1,8.412,
490,1468726,1493090112,153F_AHU4_CEV_RelPower,19.966,
15,1468727,1493090112,136A_Ahu1_CEV_DeltaT_US,6.243,
491,1468728,1493090112,153F_AHU5_CEV_RelPos,41.700,
492,1468729,1493090112,153F_AHU5_CEV_RelFlow,14.149,
493,1468730,1493090112,153F_AHU5_CEV_AbsFlow_US,17.941,
494,1468731,1493090113,153F_AHU5_CEV_T1_US,43.709,
495,1468732,1493090113,153F_AHU5_CEV_DeltaT_US,13.789,
496,1468733,1493090113,153F_AHU5_CEV_T2_US,57.499,
497,1468734,1493090113,153F_AHU5_CEV_AbsPower_US1,125.759,
498,1468735,1493090113,153F_AHU5_CEV_E_Cooling_US1,336237.719,
499,1468736,1493090113,153F_AHU5_CEV_E_Heating_US1,33.688,
500,1468737,1493090114,153F_AHU5_CEV_RelPower,17.805,
501,1468738,1493090114,153F_AHU6_CEV_RelPos,34.030,
502,1468739,1493090114,153F_AHU6_CEV_RelFlow,13.952,
503,1468740,1493090114,153F_AHU6_CEV_AbsFlow_US,17.692,
504,1468741,1493090114,153F_AHU6_CEV_T1_US,43.631,
505,1468742,1493090114,153F_AHU6_CEV_DeltaT_US,13.900,
506,1468743,1493090115,153F_AHU6_CEV_T2_US,57.503,
507,1468744,1493090115,153F_AHU6_CEV_AbsPower_US1,121.319,
508,1468745,1493090115,153F_AHU6_CEV_E_Cooling_US1,312514.469,
509,1468746,1493090115,153F_AHU6_CEV_E_Heating_US1,3.019,
510,1468747,1493090115,153F_AHU6_CEV_RelPower,16.888,
511,1468748,1493090115,022_AHU329_CEV_RelPos,100.000,
512,1468749,1493090116,022_AHU329_CEV_RelFlow,0.000,
16,1468750,1493090116,136A_Ahu1_CEV_T2_US,49.662,
513,1468751,1493090116,022_AHU329_CEV_AbsFlow_US,0.000,
514,1468752,1493090116,022_AHU329_CEV_T1_US,74.933,
515,1468753,1493090116,022_AHU329_CEV_DeltaT_US,4.011,
516,1468754,1493090116,022_AHU329_CEV_T2_US,78.943,
518,1468755,1493090117,022_AHU329_CEV_E_Cooling_US1,102228.172,
519,1468756,1493090117,022_AHU329_CEV_E_Heating_US1,4.444,
520,1468757,1493090117,022_AHU329_CEV_RelPower,0.000,
521,1468758,1493090117,022_BCU1_CEV_RelPos,0.000,
522,1468759,1493090117,022_BCU1_CEV_RelFlow,0.000,
523,1468760,1493090118,022_BCU1_CEV_AbsFlow_US,0.000,
524,1468761,1493090118,022_BCU1_CEV_T1_US,62.648,
525,1468762,1493090118,022_BCU1_CEV_DeltaT_US,10.380,
526,1468763,1493090118,022_BCU1_CEV_T2_US,73.033,
527,1468764,1493090118,022_BCU1_CEV_AbsPower_US1,0.000,
528,1468765,1493090118,022_BCU1_CEV_E_Cooling_US1,29911.947,
529,1468766,1493090119,022_BCU1_CEV_E_Heating_US1,79.699,
530,1468767,1493090119,022_BCU1_CEV_RelPower,0.000,
531,1468768,1493090119,022_BCU2_CEV_RelPos,20.560,
532,1468769,1493090119,022_BCU2_CEV_RelFlow,4.891,
17,1468770,1493090119,136A_Ahu1_CEV_AbsPower_US1,260.855,
533,1468771,1493090119,022_BCU2_CEV_AbsFlow_US,0.606,
534,1468772,1493090120,022_BCU2_CEV_T1_US,47.440,
535,1468773,1493090120,022_BCU2_CEV_DeltaT_US,21.162,
536,1468774,1493090120,022_BCU2_CEV_T2_US,68.603,
537,1468775,1493090120,022_BCU2_CEV_AbsPower_US1,6.356,
538,1468776,1493090120,022_BCU2_CEV_E_Cooling_US1,64592.164,
539,1468777,1493090121,022_BCU2_CEV_E_Heating_US1,51.278,
540,1468778,1493090121,022_BCU2_CEV_RelPower,6.158,
541,1468779,1493090121,108_RTU1_CEV_RelPos,22.840,
542,1468780,1493090121,108_RTU1_CEV_RelFlow,1.816,
543,1468781,1493090121,108_RTU1_CEV_AbsFlow_US,0.898,
544,1468782,1493090122,108_RTU1_CEV_T1_US,46.840,
18,1468783,1493090122,136A_Ahu1_CEV_E_Cooling_US1,4995043.500,
545,1468784,1493090122,108_RTU1_CEV_DeltaT_US,20.027,
546,1468785,1493090122,108_RTU1_CEV_T2_US,66.868,
547,1468786,1493090123,108_RTU1_CEV_AbsPower_US1,8.970,
548,1468787,1493090123,108_RTU1_CEV_E_Cooling_US1,334099.125,
549,1468788,1493090123,108_RTU1_CEV_E_Heating_US1,21.297,
550,1468789,1493090123,108_RTU1_CEV_RelPower,2.094,
551,1468790,1493090124,108_CHWSL1_CEV_RelPos,100.000,
552,1468791,1493090124,108_CHWSL1_CEV_RelFlow,8.494,
19,1468792,1493090124,136A_Ahu1_CEV_E_Heating_US1,19753.918,
553,1468793,1493090124,108_CHWSL1_CEV_AbsFlow_US,3.394,
554,1468794,1493090125,108_CHWSL1_CEV_T1_US,45.525,
555,1468795,1493090125,108_CHWSL1_CEV_DeltaT_US,13.064,
556,1468796,1493090125,108_CHWSL1_CEV_T2_US,58.598,
557,1468797,1493090125,108_CHWSL1_CEV_AbsPower_US1,21.687,
558,1468798,1493090125,108_CHWSL1_CEV_E_Cooling_US1,178413.688,
559,1468799,1493090126,108_CHWSL1_CEV_E_Heating_US1,23.750,
560,1468800,1493090126,108_CHWSL1_CEV_RelPower,10.079,
561,1468801,1493090126,108_CHWSL2_CEV_RelPos,100.000,
562,1468802,1493090126,108_CHWSL2_CEV_RelFlow,5.627,
563,1468803,1493090127,108_CHWSL2_CEV_AbsFlow_US,2.783,
564,1468804,1493090127,108_CHWSL2_CEV_T1_US,45.174,
565,1468805,1493090128,108_CHWSL2_CEV_DeltaT_US,5.181,
566,1468806,1493090129,108_CHWSL2_CEV_T2_US,50.350,
567,1468807,1493090129,108_CHWSL2_CEV_AbsPower_US1,7.216,
568,1468808,1493090130,108_CHWSL2_CEV_E_Cooling_US1,130540.094,
569,1468809,1493090130,108_CHWSL2_CEV_E_Heating_US1,1.385,
570,1468810,1493090130,108_CHWSL2_CEV_RelPower,1.727,
571,1468811,1493090130,108_CHWSL3_CEV_RelPos,100.000,
572,1468812,1493090130,108_CHWSL3_CEV_RelFlow,1.890,
573,1468813,1493090130,108_CHWSL3_CEV_AbsFlow_US,0.935,
574,1468814,1493090131,108_CHWSL3_CEV_T1_US,49.762,
575,1468815,1493090131,108_CHWSL3_CEV_DeltaT_US,15.742,
576,1468816,1493090131,108_CHWSL3_CEV_T2_US,65.504,
577,1468817,1493090132,108_CHWSL3_CEV_AbsPower_US1,7.314,
579,1468818,1493090135,108_CHWSL3_CEV_E_Heating_US1,3897.182,
580,1468819,1493090135,108_CHWSL3_CEV_RelPower,1.686,
20,1468820,1493090138,136A_Ahu1_CEV_RelPower,11.550,
591,1468821,1493090165,108_CHWSL5_CEV_RelPos,100.000,
592,1468822,1493090165,108_CHWSL5_CEV_RelFlow,2.734,
593,1468823,1493090165,108_CHWSL5_CEV_AbsFlow_US,1.083,
594,1468824,1493090165,108_CHWSL5_CEV_T1_US,45.206,
595,1468825,1493090165,108_CHWSL5_CEV_DeltaT_US,2.448,
596,1468826,1493090166,108_CHWSL5_CEV_T2_US,47.655,
597,1468827,1493090166,108_CHWSL5_CEV_AbsPower_US1,1.376,
598,1468828,1493090166,108_CHWSL5_CEV_E_Cooling_US1,84604.133,
599,1468829,1493090166,108_CHWSL5_CEV_E_Heating_US1,2.132,
600,1468830,1493090166,108_CHWSL5_CEV_RelPower,0.597,
601,1468831,1493090167,108_CHWSL6_CEV_RelPos,100.000,
602,1468832,1493090167,108_CHWSL6_CEV_RelFlow,29.982,
603,1468833,1493090167,108_CHWSL6_CEV_AbsFlow_US,11.838,
604,1468834,1493090167,108_CHWSL6_CEV_T1_US,44.773,
605,1468835,1493090167,108_CHWSL6_CEV_DeltaT_US,4.124,
606,1468836,1493090168,108_CHWSL6_CEV_T2_US,48.896,
607,1468837,1493090168,108_CHWSL6_CEV_AbsPower_US1,24.527,
608,1468838,1493090168,108_CHWSL6_CEV_E_Cooling_US1,498188.813,
609,1468839,1493090168,108_CHWSL6_CEV_E_Heating_US1,32.216,
610,1468840,1493090169,108_CHWSL6_CEV_RelPower,11.396,
611,1468841,1493090169,031_CV1_CEV_RelPos,100.000,
612,1468842,1493090169,031_CV1_CEV_RelFlow,81.651,
613,1468843,1493090169,031_CV1_CEV_AbsFlow_US,110.007,
614,1468844,1493090169,031_CV1_CEV_T1_US,43.238,
616,1468845,1493090172,031_CV1_CEV_T2_US,49.916,
617,1468846,1493090172,031_CV1_CEV_AbsPower_US1,370.236,
618,1468847,1493090172,031_CV1_CEV_E_Cooling_US1,1634147.125,
619,1468848,1493090172,031_CV1_CEV_E_Heating_US1,289.632,
620,1468849,1493090172,031_CV1_CEV_RelPower,36.186,
621,1468850,1493090173,031_VAV2_CEV_RelPos,48.010,
622,1468851,1493090173,031_VAV2_CEV_RelFlow,15.634,
623,1468852,1493090173,031_VAV2_CEV_AbsFlow_US,10.586,
624,1468853,1493090173,031_VAV2_CEV_T1_US,44.145,
625,1468854,1493090173,031_VAV2_CEV_DeltaT_US,16.005,
626,1468855,1493090173,031_VAV2_CEV_T2_US,60.150,
627,1468856,1493090174,031_VAV2_CEV_AbsPower_US1,84.562,
628,1468857,1493090174,031_VAV2_CEV_E_Cooling_US1,613869.313,
629,1468858,1493090174,031_VAV2_CEV_E_Heating_US1,53.736,
630,1468859,1493090174,031_VAV2_CEV_RelPower,20.064,
631,1468860,1493090174,031_CV2_CEV_RelPos,0.000,
632,1468861,1493090174,031_CV2_CEV_RelFlow,0.000,
633,1468862,1493090174,031_CV2_CEV_AbsFlow_US,0.000,
634,1468863,1493090175,031_CV2_CEV_T1_US,55.245,
635,1468864,1493090175,031_CV2_CEV_DeltaT_US,14.689,
636,1468865,1493090175,031_CV2_CEV_T2_US,69.934,
637,1468866,1493090175,031_CV2_CEV_AbsPower_US1,0.000,
638,1468867,1493090175,031_CV2_CEV_E_Cooling_US1,245027.828,
639,1468868,1493090175,031_CV2_CEV_E_Heating_US1,97.037,
640,1468869,1493090176,031_CV2_CEV_RelPower,0.000,
641,1468870,1493090176,031_CV3_CEV_RelPos,0.150,
642,1468871,1493090176,031_CV3_CEV_RelFlow,0.000,
643,1468872,1493090176,031_CV3_CEV_AbsFlow_US,0.000,
644,1468873,1493090176,031_CV3_CEV_T1_US,45.788,
645,1468874,1493090176,031_CV3_CEV_DeltaT_US,20.379,
646,1468875,1493090177,031_CV3_CEV_T2_US,66.167,
647,1468876,1493090177,031_CV3_CEV_AbsPower_US1,0.000,
648,1468877,1493090177,031_CV3_CEV_E_Cooling_US1,491178.906,
649,1468878,1493090177,031_CV3_CEV_E_Heating_US1,36.578,
650,1468879,1493090177,031_CV3_CEV_RelPower,0.000,
651,1468880,1493090178,031_CV4_CEV_RelPos,48.740,
652,1468881,1493090178,031_CV4_CEV_RelFlow,17.570,
653,1468882,1493090178,031_CV4_CEV_AbsFlow_US,15.987,
654,1468883,1493090178,031_CV4_CEV_T1_US,43.734,
655,1468884,1493090178,031_CV4_CEV_DeltaT_US,16.866,
656,1468885,1493090178,031_CV4_CEV_T2_US,60.600,
657,1468886,1493090179,031_CV4_CEV_AbsPower_US1,134.579,
658,1468887,1493090179,031_CV4_CEV_E_Cooling_US1,652856.063,
659,1468888,1493090179,031_CV4_CEV_E_Heating_US1,73.736,
660,1468889,1493090179,031_CV4_CEV_RelPower,24.800,
661,1468890,1493090179,031_CV5_CEV_RelPos,28.490,
662,1468891,1493090180,031_CV5_CEV_RelFlow,5.910,
663,1468892,1493090180,031_CV5_CEV_AbsFlow_US,4.002,
665,1468893,1493090183,031_CV5_CEV_DeltaT_US,28.369,
666,1468894,1493090183,031_CV5_CEV_T2_US,75.348,
667,1468895,1493090183,031_CV5_CEV_AbsPower_US1,56.838,
668,1468896,1493090183,031_CV5_CEV_E_Cooling_US1,389772.813,
669,1468897,1493090183,031_CV5_CEV_E_Heating_US1,122.634,
670,1468898,1493090183,031_CV5_CEV_RelPower,13.530,
671,1468899,1493090184,031_VAV3_CEV_RelPos,37.650,
672,1468900,1493090184,031_VAV3_CEV_RelFlow,12.970,
674,1468901,1493090187,031_VAV3_CEV_T1_US,43.322,
675,1468902,1493090187,031_VAV3_CEV_DeltaT_US,20.989,
676,1468903,1493090187,031_VAV3_CEV_T2_US,64.306,
677,1468904,1493090187,031_VAV3_CEV_AbsPower_US1,178.088,
678,1468905,1493090187,031_VAV3_CEV_E_Cooling_US1,674611.313,
679,1468906,1493090187,031_VAV3_CEV_E_Heating_US1,2.051,
680,1468907,1493090188,031_VAV3_CEV_RelPower,25.562,
681,1468908,1493090188,031_EXG1_CEV_RelPos,100.000,
682,1468909,1493090188,031_EXG1_CEV_RelFlow,97.242,
683,1468910,1493090188,031_EXG1_CEV_AbsFlow_US,131.012,
684,1468911,1493090188,031_EXG1_CEV_T1_US,43.086,
685,1468912,1493090188,031_EXG1_CEV_DeltaT_US,3.465,
686,1468913,1493090189,031_EXG1_CEV_T2_US,46.551,
687,1468914,1493090189,031_EXG1_CEV_AbsPower_US1,228.042,
688,1468915,1493090189,031_EXG1_CEV_E_Cooling_US1,1200643.875,
689,1468916,1493090189,031_EXG1_CEV_E_Heating_US1,35.780,
690,1468917,1493090189,031_EXG1_CEV_RelPower,22.197,
691,1468918,1493090189,031_EXG2_CEV_RelPos,37.130,
692,1468919,1493090190,031_EXG2_CEV_RelFlow,14.798,
693,1468920,1493090190,031_EXG2_CEV_AbsFlow_US,19.937,
694,1468921,1493090190,031_EXG2_CEV_T1_US,43.275,
695,1468922,1493090190,031_EXG2_CEV_DeltaT_US,19.885,
696,1468923,1493090190,031_EXG2_CEV_T2_US,63.169,
697,1468924,1493090190,031_EXG2_CEV_AbsPower_US1,195.011,
698,1468925,1493090191,031_EXG2_CEV_E_Cooling_US1,1482084.875,
699,1468926,1493090191,031_EXG2_CEV_E_Heating_US1,234.006,
700,1468927,1493090191,031_EXG2_CEV_RelPower,18.683,
711,1468928,1493090221,034_AHU1_CEV_RelPos,0.000,
712,1468929,1493090221,034_AHU1_CEV_RelFlow,0.000,
713,1468930,1493090221,034_AHU1_CEV_AbsFlow_US,0.000,
714,1468931,1493090221,034_AHU1_CEV_T1_US,70.516,
715,1468932,1493090221,034_AHU1_CEV_DeltaT_US,9.114,
716,1468933,1493090221,034_AHU1_CEV_T2_US,61.403,
717,1468934,1493090222,034_AHU1_CEV_AbsPower_US1,0.000,
718,1468935,1493090222,034_AHU1_CEV_E_Cooling_US1,51040.613,
719,1468936,1493090222,034_AHU1_CEV_E_Heating_US1,78010.305,
720,1468937,1493090222,034_AHU1_CEV_RelPower,0.000,
721,1468938,1493090222,074_AHU1_CEV_RelPos,22.860,
722,1468939,1493090223,074_AHU1_CEV_RelFlow,10.330,
723,1468940,1493090223,074_AHU1_CEV_AbsFlow_US,3.025,
724,1468941,1493090223,074_AHU1_CEV_T1_US,47.602,
725,1468942,1493090223,074_AHU1_CEV_DeltaT_US,14.659,
726,1468943,1493090224,074_AHU1_CEV_T2_US,62.261,
727,1468944,1493090224,074_AHU1_CEV_AbsPower_US1,22.016,
728,1468945,1493090224,074_AHU1_CEV_E_Cooling_US1,257496.984,
729,1468946,1493090224,074_AHU1_CEV_E_Heating_US1,1123.891,
730,1468947,1493090224,074_AHU1_CEV_RelPower,10.168,
731,1468948,1493090224,041_AHU1_CEV_RelPos,20.990,
732,1468949,1493090224,041_AHU1_CEV_RelFlow,8.251,
733,1468950,1493090225,041_AHU1_CEV_AbsFlow_US,20.926,
734,1468951,1493090225,041_AHU1_CEV_T1_US,43.331,
735,1468952,1493090225,041_AHU1_CEV_DeltaT_US,16.749,
736,1468953,1493090225,041_AHU1_CEV_T2_US,60.093,
737,1468954,1493090226,041_AHU1_CEV_AbsPower_US1,181.006,
738,1468955,1493090226,041_AHU1_CEV_E_Cooling_US1,949990.375,
739,1468956,1493090226,041_AHU1_CEV_E_Heating_US1,2739.214,
740,1468957,1493090226,041_AHU1_CEV_RelPower,10.115,
741,1468958,1493090226,041_AHU2_CEV_RelPos,0.440,
742,1468959,1493090226,041_AHU2_CEV_RelFlow,0.000,
743,1468960,1493090227,041_AHU2_CEV_AbsFlow_US,0.000,
744,1468961,1493090227,041_AHU2_CEV_T1_US,999.900,
745,1468962,1493090227,041_AHU2_CEV_DeltaT_US,1766.163,
746,1468963,1493090227,041_AHU2_CEV_T2_US,65.661,
747,1468964,1493090227,041_AHU2_CEV_AbsPower_US1,0.000,
748,1468965,1493090228,041_AHU2_CEV_E_Cooling_US1,0.000,
749,1468966,1493090228,041_AHU2_CEV_E_Heating_US1,0.000,
750,1468967,1493090228,041_AHU2_CEV_RelPower,0.000,
751,1468968,1493090228,041_AHU9_CEV_RelPos,74.400,
752,1468969,1493090228,041_AHU9_CEV_RelFlow,96.939,
753,1468970,1493090229,041_AHU9_CEV_AbsFlow_US,19.638,
754,1468971,1493090229,041_AHU9_CEV_T1_US,43.406,
755,1468972,1493090229,041_AHU9_CEV_DeltaT_US,5.236,
756,1468973,1493090229,041_AHU9_CEV_T2_US,48.643,
757,1468974,1493090229,041_AHU9_CEV_AbsPower_US1,51.608,
758,1468975,1493090230,041_AHU9_CEV_E_Cooling_US1,69112.461,
759,1468976,1493090230,041_AHU9_CEV_E_Heating_US1,0.254,
760,1468977,1493090230,041_AHU9_CEV_RelPower,31.482,
765,1468978,1493090235,041_AHU3_CEV_DeltaT_US,23.732,
766,1468979,1493090236,041_AHU3_CEV_T2_US,67.242,
767,1468980,1493090236,041_AHU3_CEV_AbsPower_US1,73.082,
768,1468981,1493090236,041_AHU3_CEV_E_Cooling_US1,1427508.000,
769,1468982,1493090236,041_AHU3_CEV_E_Heating_US1,0.007,
770,1468983,1493090236,041_AHU3_CEV_RelPower,4.196,
771,1468984,1493090236,041_AHU4_CEV_RelPos,54.010,
772,1468985,1493090237,041_AHU4_CEV_RelFlow,25.571,
773,1468986,1493090237,041_AHU4_CEV_AbsFlow_US,20.455,
774,1468987,1493090237,041_AHU4_CEV_T1_US,43.697,
775,1468988,1493090237,041_AHU4_CEV_DeltaT_US,12.002,
776,1468989,1493090237,041_AHU4_CEV_T2_US,55.695,
777,1468990,1493090238,041_AHU4_CEV_AbsPower_US1,122.218,
778,1468991,1493090238,041_AHU4_CEV_E_Cooling_US1,450090.594,
779,1468992,1493090238,041_AHU4_CEV_E_Heating_US1,3.451,
780,1468993,1493090239,041_AHU4_CEV_RelPower,22.126,
781,1468994,1493090239,041_AHU5_CEV_RelPos,26.480,
782,1468995,1493090239,041_AHU5_CEV_RelFlow,5.354,
783,1468996,1493090239,041_AHU5_CEV_AbsFlow_US,2.566,
784,1468997,1493090239,041_AHU5_CEV_T1_US,43.711,
785,1468998,1493090239,041_AHU5_CEV_DeltaT_US,20.624,
786,1468999,1493090240,041_AHU5_CEV_T2_US,64.335,
787,1469000,1493090240,041_AHU5_CEV_AbsPower_US1,26.555,
788,1469001,1493090240,041_AHU5_CEV_E_Cooling_US1,138640.125,
789,1469002,1493090240,041_AHU5_CEV_E_Heating_US1,24.524,
790,1469003,1493090240,041_AHU5_CEV_RelPower,6.275,
791,1469004,1493090241,041_AHU6_CEV_RelPos,89.420,
792,1469005,1493090241,041_AHU6_CEV_RelFlow,94.865,
793,1469006,1493090241,041_AHU6_CEV_AbsFlow_US,33.456,
794,1469007,1493090241,041_AHU6_CEV_T1_US,43.485,
795,1469008,1493090241,041_AHU6_CEV_DeltaT_US,0.565,
796,1469009,1493090241,041_AHU6_CEV_T2_US,44.050,
797,1469010,1493090242,041_AHU6_CEV_AbsPower_US1,9.521,
798,1469011,1493090242,041_AHU6_CEV_E_Cooling_US1,136235.750,
799,1469012,1493090242,041_AHU6_CEV_E_Heating_US1,12.359,
800,1469013,1493090242,041_AHU6_CEV_RelPower,4.491,
801,1469014,1493090242,071_AHU1_CEV_RelPos,0.000,
802,1469015,1493090242,071_AHU1_CEV_RelFlow,0.000,
803,1469016,1493090242,071_AHU1_CEV_AbsFlow_US,0.000,
804,1469017,1493090243,071_AHU1_CEV_T1_US,60.180,
805,1469018,1493090243,071_AHU1_CEV_DeltaT_US,1.366,
806,1469019,1493090243,071_AHU1_CEV_T2_US,61.546,
807,1469020,1493090243,071_AHU1_CEV_AbsPower_US1,0.000,
808,1469021,1493090243,071_AHU1_CEV_E_Cooling_US1,67865.258,
809,1469022,1493090244,071_AHU1_CEV_E_Heating_US1,35.325,
810,1469023,1493090244,071_AHU1_CEV_RelPower,0.000,
811,1469024,1493090244,071_AHU2_CEV_RelPos,0.000,
812,1469025,1493090244,071_AHU2_CEV_RelFlow,0.000,
813,1469026,1493090244,071_AHU2_CEV_AbsFlow_US,0.000,
814,1469027,1493090244,071_AHU2_CEV_T1_US,56.902,
815,1469028,1493090244,071_AHU2_CEV_DeltaT_US,4.079,
817,1469029,1493090245,071_AHU2_CEV_AbsPower_US1,0.000,
818,1469030,1493090245,071_AHU2_CEV_E_Cooling_US1,24606.049,
819,1469031,1493090245,071_AHU2_CEV_E_Heating_US1,3.619,
820,1469032,1493090245,071_AHU2_CEV_RelPower,0.000,
821,1469033,1493090246,071_AHU7_CEV_RelPos,0.000,
822,1469034,1493090246,071_AHU7_CEV_RelFlow,0.000,
823,1469035,1493090246,071_AHU7_CEV_AbsFlow_US,0.000,
824,1469036,1493090246,071_AHU7_CEV_T1_US,49.356,
825,1469037,1493090247,071_AHU7_CEV_DeltaT_US,20.764,
826,1469038,1493090247,071_AHU7_CEV_T2_US,70.124,
827,1469039,1493090247,071_AHU7_CEV_AbsPower_US1,0.000,
828,1469040,1493090247,071_AHU7_CEV_E_Cooling_US1,5475.873,
829,1469041,1493090247,071_AHU7_CEV_E_Heating_US1,0.803,
830,1469042,1493090247,071_AHU7_CEV_RelPower,0.000,
834,1469043,1493090253,020_AHU1_CEV_T1_US,43.543,
835,1469044,1493090253,020_AHU1_CEV_DeltaT_US,13.508,
836,1469045,1493090253,020_AHU1_CEV_T2_US,57.051,
837,1469046,1493090254,020_AHU1_CEV_AbsPower_US1,270.861,
838,1469047,1493090254,020_AHU1_CEV_E_Cooling_US1,3180718.250,
839,1469048,1493090254,020_AHU1_CEV_E_Heating_US1,115.445,
840,1469049,1493090254,020_AHU1_CEV_RelPower,15.546,
841,1469050,1493090254,02_AHU2_CEV_RelPos,40.330,
842,1469051,1493090255,02_AHU2_CEV_RelFlow,21.203,
843,1469052,1493090255,02_AHU2_CEV_AbsFlow_US,51.083,
844,1469053,1493090255,02_AHU2_CEV_T1_US,43.331,
845,1469054,1493090255,02_AHU2_CEV_DeltaT_US,14.339,
846,1469055,1493090255,02_AHU2_CEV_T2_US,57.669,
847,1469056,1493090256,02_AHU2_CEV_AbsPower_US1,367.233,
848,1469057,1493090256,02_AHU2_CEV_E_Cooling_US1,1506777.000,
849,1469058,1493090256,02_AHU2_CEV_E_Heating_US1,1860.367,
850,1469059,1493090256,02_AHU2_CEV_RelPower,21.084,
851,1469060,1493090256,133_AHU1_CEV_RelPos,0.000,
852,1469061,1493090256,133_AHU1_CEV_RelFlow,0.000,
853,1469062,1493090257,133_AHU1_CEV_AbsFlow_US,0.000,
854,1469063,1493090257,133_AHU1_CEV_T1_US,56.803,
855,1469064,1493090257,133_AHU1_CEV_DeltaT_US,12.787,
861,1469065,1493090262,133_AHU2_CEV_RelPos,25.890,
862,1469066,1493090262,133_AHU2_CEV_RelFlow,10.193,
863,1469067,1493090262,133_AHU2_CEV_AbsFlow_US,25.849,
864,1469068,1493090263,133_AHU2_CEV_T1_US,43.723,
865,1469069,1493090263,133_AHU2_CEV_DeltaT_US,21.000,
866,1469070,1493090263,133_AHU2_CEV_T2_US,64.719,
867,1469071,1493090263,133_AHU2_CEV_AbsPower_US1,271.795,
868,1469072,1493090263,133_AHU2_CEV_E_Cooling_US1,785588.938,
869,1469073,1493090263,133_AHU2_CEV_E_Heating_US1,0.767,
870,1469074,1493090264,133_AHU2_CEV_RelPower,15.601,
871,1469075,1493090264,133_AHU3_CEV_RelPos,13.290,
872,1469076,1493090264,133_AHU3_CEV_RelFlow,12.095,
873,1469077,1493090265,133_AHU3_CEV_AbsFlow_US,26.852,
874,1469078,1493090265,133_AHU3_CEV_T1_US,43.718,
875,1469079,1493090265,133_AHU3_CEV_DeltaT_US,17.080,
876,1469080,1493090265,133_AHU3_CEV_T2_US,60.799,
877,1469081,1493090265,133_AHU3_CEV_AbsPower_US1,229.802,
878,1469082,1493090266,133_AHU3_CEV_E_Cooling_US1,1917341.875,
879,1469083,1493090266,133_AHU3_CEV_E_Heating_US1,1.526,
880,1469084,1493090266,133_AHU3_CEV_RelPower,8.309,
881,1469085,1493090266,133_AHU4_CEV_RelPos,46.120,
882,1469086,1493090266,133_AHU4_CEV_RelFlow,29.183,
883,1469087,1493090266,133_AHU4_CEV_AbsFlow_US,47.705,
884,1469088,1493090267,133_AHU4_CEV_T1_US,43.940,
885,1469089,1493090267,133_AHU4_CEV_DeltaT_US,10.489,
886,1469090,1493090267,133_AHU4_CEV_T2_US,54.429,
887,1469091,1493090267,133_AHU4_CEV_AbsPower_US1,251.017,
888,1469092,1493090267,133_AHU4_CEV_E_Cooling_US1,906622.875,
889,1469093,1493090267,133_AHU4_CEV_E_Heating_US1,6.659,
890,1469094,1493090268,133_AHU4_CEV_RelPower,24.511,
891,1469095,1493090268,133_AHU5_CEV_RelPos,0.000,
892,1469096,1493090268,133_AHU5_CEV_RelFlow,0.000,
893,1469097,1493090268,133_AHU5_CEV_AbsFlow_US,0.000,
894,1469098,1493090268,133_AHU5_CEV_T1_US,47.750,
895,1469099,1493090268,133_AHU5_CEV_DeltaT_US,24.574,
896,1469100,1493090269,133_AHU5_CEV_T2_US,72.323,
897,1469101,1493090269,133_AHU5_CEV_AbsPower_US1,0.000,
898,1469102,1493090269,133_AHU5_CEV_E_Cooling_US1,3495.093,
899,1469103,1493090269,133_AHU5_CEV_E_Heating_US1,1.135,
900,1469104,1493090269,133_AHU5_CEV_RelPower,0.000,
901,1469105,1493090270,133_AHU1E_CEV_RelPos,100.000,
902,1469106,1493090270,133_AHU1E_CEV_RelFlow,95.171,
903,1469107,1493090270,133_AHU1E_CEV_AbsFlow_US,155.221,
904,1469108,1493090270,133_AHU1E_CEV_T1_US,43.229,
905,1469109,1493090270,133_AHU1E_CEV_DeltaT_US,3.243,
906,1469110,1493090271,133_AHU1E_CEV_T2_US,46.472,
907,1469111,1493090271,133_AHU1E_CEV_AbsPower_US1,252.903,
908,1469112,1493090271,133_AHU1E_CEV_E_Cooling_US1,1267873.500,
909,1469113,1493090271,133_AHU1E_CEV_E_Heating_US1,3.097,
910,1469114,1493090271,133_AHU1E_CEV_RelPower,24.684,
911,1469115,1493090271,133_AHU2E_CEV_RelPos,49.340,
912,1469116,1493090271,133_AHU2E_CEV_RelFlow,29.401,
913,1469117,1493090272,133_AHU2E_CEV_AbsFlow_US,48.061,
914,1469118,1493090272,133_AHU2E_CEV_T1_US,43.465,
915,1469119,1493090272,133_AHU2E_CEV_DeltaT_US,3.963,
916,1469120,1493090272,133_AHU2E_CEV_T2_US,47.432,
917,1469121,1493090272,133_AHU2E_CEV_AbsPower_US1,95.673,
919,1469122,1493090275,133_AHU2E_CEV_E_Heating_US1,2.264,
920,1469123,1493090275,133_AHU2E_CEV_RelPower,9.258,
921,1469124,1493090275,082_RTU1E_CEV_RelPos,60.240,
922,1469125,1493090275,082_RTU1E_CEV_RelFlow,28.340,
923,1469126,1493090275,082_RTU1E_CEV_AbsFlow_US,50.910,
924,1469127,1493090275,082_RTU1E_CEV_T1_US,43.049,
925,1469128,1493090276,082_RTU1E_CEV_DeltaT_US,11.417,
926,1469129,1493090276,082_RTU1E_CEV_T2_US,54.466,
927,1469130,1493090276,082_RTU1E_CEV_AbsPower_US1,289.556,
928,1469131,1493090276,082_RTU1E_CEV_E_Cooling_US1,513417.875,
929,1469132,1493090276,082_RTU1E_CEV_E_Heating_US1,5491.188,
930,1469133,1493090276,082_RTU1E_CEV_RelPower,28.262,
931,1469134,1493090277,082_RTU1E_CEV_RelPos,63.130,
932,1469135,1493090277,082_RTU1E_CEV_RelFlow,31.511,
933,1469136,1493090277,082_RTU1E_CEV_AbsFlow_US,56.606,
934,1469137,1493090277,082_RTU1E_CEV_T1_US,43.691,
935,1469138,1493090277,082_RTU1E_CEV_DeltaT_US,14.703,
936,1469139,1493090277,082_RTU1E_CEV_T2_US,58.366,
937,1469140,1493090277,082_RTU1E_CEV_AbsPower_US1,416.430,
938,1469141,1493090278,082_RTU1E_CEV_E_Cooling_US1,157706.297,
939,1469142,1493090278,082_RTU1E_CEV_E_Heating_US1,249.669,
940,1469143,1493090278,082_RTU1E_CEV_RelPower,40.543,
941,1469144,1493090279,102_AHU1L_CEV_RelPos,68.810,
942,1469145,1493090279,102_AHU1L_CEV_RelFlow,98.541,
943,1469146,1493090279,102_AHU1L_CEV_AbsFlow_US,9.848,
944,1469147,1493090279,102_AHU1L_CEV_T1_US,43.794,
945,1469148,1493090280,102_AHU1L_CEV_DeltaT_US,6.404,
946,1469149,1493090280,102_AHU1L_CEV_T2_US,50.198,
947,1469150,1493090280,102_AHU1L_CEV_AbsPower_US1,31.679,
948,1469151,1493090281,102_AHU1L_CEV_E_Cooling_US1,17932.555,
949,1469152,1493090282,102_AHU1L_CEV_E_Heating_US1,6.246,
950,1469153,1493090283,102_AHU1L_CEV_RelPower,51.539,
952,1469154,1493090286,102_AHU2L_CEV_RelFlow,20.227,
953,1469155,1493090286,102_AHU2L_CEV_AbsFlow_US,2.618,
954,1469156,1493090287,102_AHU2L_CEV_T1_US,44.343,
955,1469157,1493090288,102_AHU2L_CEV_DeltaT_US,19.045,
956,1469158,1493090288,102_AHU2L_CEV_T2_US,63.388,
957,1469159,1493090289,102_AHU2L_CEV_AbsPower_US1,24.935,
958,1469160,1493090289,102_AHU2L_CEV_E_Cooling_US1,14488.956,
959,1469161,1493090289,102_AHU2L_CEV_E_Heating_US1,19.036,
960,1469162,1493090289,102_AHU2L_CEV_RelPower,24.414,
981,1469163,1493090349,161_VAVE_CECVRelPos,29.570,
982,1469164,1493090349,161_VAVE_CECVRelFlow,6.776,
983,1469165,1493090349,161_VAVE_CECVAbsFlow_US,33.565,
984,1469166,1493090349,161_VAVE_CECVT1_US,42.943,
985,1469167,1493090349,161_VAVE_CECVDeltaT_US,8.528,
986,1469168,1493090350,161_VAVE_CECVT2_US,51.466,
987,1469169,1493090350,161_VAVE_CECVAbsPower_US1,143.598,
988,1469170,1493090350,161_VAVE_CECVE_Cooling_US1,258837.234,
989,1469171,1493090350,161_VAVE_CECVE_Heating_US1,16.731,
990,1469172,1493090351,161_VAVE_CECVRelPower,5.188,
991,1469173,1493090351,161_VAVC_CEV_1RelPos,36.380,
992,1469174,1493090351,161_VAVC_CEV_1RelFlow,13.978,
993,1469175,1493090352,161_VAVC_CEV_1AbsFlow_US,99.704,
994,1469176,1493090353,161_VAVC_CEV_1T1_US,43.262,
995,1469177,1493090355,161_VAVC_CEV_1DeltaT_US,13.900,
996,1469178,1493090355,161_VAVC_CEV_1T2_US,57.162,
997,1469179,1493090356,161_VAVC_CEV_1AbsPower_US1,694.690,
998,1469180,1493090356,161_VAVC_CEV_1E_Cooling_US1,1323219.500,
999,1469181,1493090356,161_VAVC_CEV_1E_Heating_US1,596.474,
1000,1469182,1493090356,161_VAVC_CEV_1RelPower,17.837,
1001,1469183,1493090356,161_VAVC_CEV_2RelPos,40.300,
1002,1469184,1493090356,161_VAVC_CEV_2RelFlow,13.611,
1003,1469185,1493090357,161_VAVC_CEV_2AbsFlow_US,97.080,
1004,1469186,1493090357,161_VAVC_CEV_2T1_US,43.165,
1005,1469187,1493090357,161_VAVC_CEV_2DeltaT_US,14.099,
1006,1469188,1493090357,161_VAVC_CEV_2T2_US,57.263,
1007,1469189,1493090357,161_VAVC_CEV_2AbsPower_US1,686.288,
1008,1469190,1493090358,161_VAVC_CEV_2E_Cooling_US1,1377387.125,
1009,1469191,1493090358,161_VAVC_CEV_2E_Heating_US1,194.996,
1010,1469192,1493090359,161_VAVC_CEV_2RelPower,17.616,
1011,1469193,1493090359,161_VAVW_CEV_RelPos,26.780,
1012,1469194,1493090360,161_VAVW_CEV_RelFlow,6.213,
1013,1469195,1493090360,161_VAVW_CEV_AbsFlow_US,19.695,
1014,1469196,1493090360,161_VAVW_CEV_T1_US,43.917,
1015,1469197,1493090360,161_VAVW_CEV_DeltaT_US,19.271,
1016,1469198,1493090360,161_VAVW_CEV_T2_US,63.174,
1017,1469199,1493090360,161_VAVW_CEV_AbsPower_US1,189.944,
1018,1469200,1493090360,161_VAVW_CEV_E_Cooling_US1,251608.750,
1019,1469201,1493090361,161_VAVW_CEV_E_Heating_US1,0.000,
1020,1469202,1493090361,161_VAVW_CEV_RelPower,10.898,
1021,1469203,1493090361,161_MAUE_CEV_RelPos,0.000,
1022,1469204,1493090361,161_MAUE_CEV_RelFlow,0.000,
1023,1469205,1493090361,161_MAUE_CEV_AbsFlow_US,0.000,
1024,1469206,1493090361,161_MAUE_CEV_T1_US,81.212,
1025,1469207,1493090361,161_MAUE_CEV_DeltaT_US,7.457,
1026,1469208,1493090361,161_MAUE_CEV_T2_US,73.756,
1027,1469209,1493090362,161_MAUE_CEV_AbsPower_US1,0.000,
1028,1469210,1493090362,161_MAUE_CEV_E_Cooling_US1,1201.263,
1029,1469211,1493090362,161_MAUE_CEV_E_Heating_US1,10.289,
1030,1469212,1493090362,161_MAUE_CEV_RelPower,0.000,
1031,1469213,1493090362,161_MAUW_CEV_RelPos,0.440,
1032,1469214,1493090362,161_MAUW_CEV_RelFlow,67.645,
1033,1469215,1493090363,161_MAUW_CEV_AbsFlow_US,346.340,
1034,1469216,1493090363,161_MAUW_CEV_T1_US,80.776,
1035,1469217,1493090363,161_MAUW_CEV_DeltaT_US,1.720,
1036,1469218,1493090363,161_MAUW_CEV_T2_US,82.496,
1037,1469219,1493090363,161_MAUW_CEV_AbsPower_US1,296.815,
1038,1469220,1493090363,161_MAUW_CEV_E_Cooling_US1,635082.875,
1039,1469221,1493090364,161_MAUW_CEV_E_Heating_US1,126191.813,
1040,1469222,1493090364,161_MAUW_CEV_RelPower,7.644,
1041,1469223,1493090364,085_MZU1_CEV_RelPos,25.740,
1042,1469224,1493090364,085_MZU1_CEV_RelFlow,5.630,
1043,1469225,1493090364,085_MZU1_CEV_AbsFlow_US,17.848,
1044,1469226,1493090365,085_MZU1_CEV_T1_US,43.465,
1045,1469227,1493090365,085_MZU1_CEV_DeltaT_US,21.941,
1046,1469228,1493090365,085_MZU1_CEV_T2_US,65.405,
1047,1469229,1493090365,085_MZU1_CEV_AbsPower_US1,196.051,
1048,1469230,1493090365,085_MZU1_CEV_E_Cooling_US1,301516.156,
1049,1469231,1493090365,085_MZU1_CEV_E_Heating_US1,63.618,
1050,1469232,1493090366,085_MZU1_CEV_RelPower,11.258,
1051,1469233,1493090366,085_MZU2_CEV_RelPos,23.630,
1052,1469234,1493090366,085_MZU2_CEV_RelFlow,6.019,
1053,1469235,1493090367,085_MZU2_CEV_AbsFlow_US,19.079,
1054,1469236,1493090368,085_MZU2_CEV_T1_US,43.515,
1055,1469237,1493090369,085_MZU2_CEV_DeltaT_US,14.703,
1056,1469238,1493090370,085_MZU2_CEV_T2_US,58.223,
1057,1469239,1493090371,085_MZU2_CEV_AbsPower_US1,140.630,
1058,1469240,1493090371,085_MZU2_CEV_E_Cooling_US1,244297.938,
1059,1469241,1493090371,085_MZU2_CEV_E_Heating_US1,175.480,
1060,1469242,1493090371,085_MZU2_CEV_RelPower,8.077,
1061,1469243,1493090371,085_AHU1R_CEV_RelPos,40.260,
1062,1469244,1493090372,085_AHU1R_CEV_RelFlow,19.422,
1063,1469245,1493090372,085_AHU1R_CEV_AbsFlow_US,10.048,
1065,1469246,1493090375,085_AHU1R_CEV_DeltaT_US,23.972,
1066,1469247,1493090375,085_AHU1R_CEV_T2_US,70.110,
1067,1469248,1493090375,085_AHU1R_CEV_AbsPower_US1,124.983,
1068,1469249,1493090375,085_AHU1R_CEV_E_Cooling_US1,194937.813,
1069,1469250,1493090375,085_AHU1R_CEV_E_Heating_US1,1051.814,
1070,1469251,1493090376,085_AHU1R_CEV_RelPower,29.801,
1081,1469252,1493090407,120_AHU103C_CEV_RelPos,20.600,
1082,1469253,1493090408,120_AHU103C_CEV_RelFlow,6.443,
1083,1469254,1493090409,120_AHU103C_CEV_AbsFlow_US,3.140,
1084,1469255,1493090411,120_AHU103C_CEV_T1_US,47.920,
1085,1469256,1493090412,120_AHU103C_CEV_DeltaT_US,17.259,
1086,1469257,1493090414,120_AHU103C_CEV_T2_US,65.179,
1087,1469258,1493090415,120_AHU103C_CEV_AbsPower_US1,27.026,
1088,1469259,1493090416,120_AHU103C_CEV_E_Cooling_US1,3647.310,
1089,1469260,1493090418,120_AHU103C_CEV_E_Heating_US1,97.292,
1090,1469261,1493090419,120_AHU103C_CEV_RelPower,6.414,
1091,1469262,1493090420,120_AHU107_CEV_RelPos,0.000,
1092,1469263,1493090421,120_AHU107_CEV_RelFlow,0.000,
1093,1469264,1493090422,120_AHU107_CEV_AbsFlow_US,0.000,
1094,1469265,1493090424,120_AHU107_CEV_T1_US,72.172,
1095,1469266,1493090424,120_AHU107_CEV_DeltaT_US,0.322,
1096,1469267,1493090425,120_AHU107_CEV_T2_US,72.490,
1097,1469268,1493090426,120_AHU107_CEV_AbsPower_US1,0.000,
1098,1469269,1493090428,120_AHU107_CEV_E_Cooling_US1,0.000,
1099,1469270,1493090430,120_AHU107_CEV_E_Heating_US1,0.288,
1101,1469271,1493090434,116_AHU114_CEV_RelPos,0.000,
1102,1469272,1493090434,116_AHU114_CEV_RelFlow,0.000,
1103,1469273,1493090435,116_AHU114_CEV_AbsFlow_US,0.000,
1104,1469274,1493090435,116_AHU114_CEV_T1_US,75.174,
1105,1469275,1493090435,116_AHU114_CEV_DeltaT_US,1.125,
1106,1469276,1493090435,116_AHU114_CEV_T2_US,76.290,
1107,1469277,1493090435,116_AHU114_CEV_AbsPower_US1,0.000,
1108,1469278,1493090435,116_AHU114_CEV_E_Cooling_US1,61296.723,
1109,1469279,1493090436,116_AHU114_CEV_E_Heating_US1,1.042,
1110,1469280,1493090436,116_AHU114_CEV_RelPower,0.000,
1111,1469281,1493090436,116_AHU218_CEV_RelPos,0.000,
1112,1469282,1493090436,116_AHU218_CEV_RelFlow,0.000,
1113,1469283,1493090437,116_AHU218_CEV_AbsFlow_US,0.000,
1114,1469284,1493090438,116_AHU218_CEV_T1_US,75.169,
1115,1469285,1493090438,116_AHU218_CEV_DeltaT_US,1.125,
1116,1469286,1493090439,116_AHU218_CEV_T2_US,76.290,
1117,1469287,1493090439,116_AHU218_CEV_AbsPower_US1,0.000,
1118,1469288,1493090439,116_AHU218_CEV_E_Cooling_US1,61296.723,
1119,1469289,1493090445,116_AHU218_CEV_E_Heating_US1,1.042,
1120,1469290,1493090445,116_AHU218_CEV_RelPower,0.000,
81,1469291,1493090469,027_BC1_CEV_RelPos,77.400,
82,1469292,1493090469,027_BC1_CEV_RelFlow,64.966,
83,1469293,1493090469,027_BC1_CEV_AbsFlow_US,9.474,
84,1469294,1493090469,027_BC1_CEV_T1_US,43.416,
86,1469295,1493090471,027_BC1_CEV_T2_US,47.720,
91,1469296,1493090477,027_AHU1W_CEV_RelPos,0.150,
92,1469297,1493090477,027_AHU1W_CEV_RelFlow,0.000,
93,1469298,1493090477,027_AHU1W_CEV_AbsFlow_US,0.000,
94,1469299,1493090477,027_AHU1W_CEV_T1_US,71.036,
95,1469300,1493090478,027_AHU1W_CEV_DeltaT_US,2.164,
96,1469301,1493090478,027_AHU1W_CEV_T2_US,73.195,
97,1469302,1493090478,027_AHU1W_CEV_AbsPower_US1,0.000,
98,1469303,1493090478,027_AHU1W_CEV_E_Cooling_US1,21216.904,
99,1469304,1493090478,027_AHU1W_CEV_E_Heating_US1,0.356,
100,1469305,1493090479,027_AHU1W_CEV_RelPower,0.000,
101,1469306,1493090479,027_BC2_CEV_RelPos,100.000,
102,1469307,1493090479,027_BC2_CEV_RelFlow,50.391,
103,1469308,1493090479,027_BC2_CEV_AbsFlow_US,9.185,
104,1469309,1493090479,027_BC2_CEV_T1_US,43.716,
105,1469310,1493090479,027_BC2_CEV_DeltaT_US,6.385,
106,1469311,1493090480,027_BC2_CEV_T2_US,50.101,
107,1469312,1493090480,027_BC2_CEV_AbsPower_US1,29.494,
108,1469313,1493090480,027_BC2_CEV_E_Cooling_US1,166350.406,
110,1469314,1493090481,027_BC2_CEV_RelPower,28.665,
111,1469315,1493090481,027_AHU2E_CEV_RelPos,26.970,
112,1469316,1493090481,027_AHU2E_CEV_RelFlow,13.041,
113,1469317,1493090481,027_AHU2E_CEV_AbsFlow_US,1.498,
114,1469318,1493090481,027_AHU2E_CEV_T1_US,44.620,
115,1469319,1493090481,027_AHU2E_CEV_DeltaT_US,14.964,
116,1469320,1493090482,027_AHU2E_CEV_T2_US,59.589,
117,1469321,1493090482,027_AHU2E_CEV_AbsPower_US1,11.034,
118,1469322,1493090482,027_AHU2E_CEV_E_Cooling_US1,70284.180,
119,1469323,1493090482,027_AHU2E_CEV_E_Heating_US1,21.885,
120,1469324,1493090482,027_AHU2E_CEV_RelPower,10.767,
121,1469325,1493090482,027_AHU3_CEV_RelPos,0.000,
122,1469326,1493090483,027_AHU3_CEV_RelFlow,0.000,
21,1469327,1493090483,001_AHU106_CEV_RelPos,26.330,
123,1469328,1493090483,027_AHU3_CEV_AbsFlow_US,0.000,
124,1469329,1493090484,027_AHU3_CEV_T1_US,55.250,
125,1469330,1493090484,027_AHU3_CEV_DeltaT_US,7.355,
126,1469331,1493090484,027_AHU3_CEV_T2_US,62.604,
127,1469332,1493090484,027_AHU3_CEV_AbsPower_US1,0.000,
128,1469333,1493090484,027_AHU3_CEV_E_Cooling_US1,86725.180,
129,1469334,1493090484,027_AHU3_CEV_E_Heating_US1,4.602,
130,1469335,1493090485,027_AHU3_CEV_RelPower,0.000,
131,1469336,1493090485,027_AHU4_CEV_RelPos,43.700,
132,1469337,1493090485,027_AHU4_CEV_RelFlow,28.384,
133,1469338,1493090485,027_AHU4_CEV_AbsFlow_US,3.513,
134,1469339,1493090485,027_AHU4_CEV_T1_US,43.734,
135,1469340,1493090485,027_AHU4_CEV_DeltaT_US,7.922,
136,1469341,1493090486,027_AHU4_CEV_T2_US,51.652,
137,1469342,1493090486,027_AHU4_CEV_AbsPower_US1,13.960,
138,1469343,1493090486,027_AHU4_CEV_E_Cooling_US1,76846.781,
139,1469344,1493090486,027_AHU4_CEV_E_Heating_US1,4.388,
140,1469345,1493090488,027_AHU4_CEV_RelPower,13.697,
144,1469346,1493090494,027_AHu1_CEV_T1_US,44.703,
145,1469347,1493090494,027_AHu1_CEV_DeltaT_US,30.686,
146,1469348,1493090494,027_AHu1_CEV_T2_US,75.390,
147,1469349,1493090494,027_AHu1_CEV_AbsPower_US1,1.993,
148,1469350,1493090495,027_AHu1_CEV_E_Cooling_US1,49645.938,
149,1469351,1493090495,027_AHu1_CEV_E_Heating_US1,0.187,
150,1469352,1493090495,027_AHu1_CEV_RelPower,3.241,
151,1469353,1493090495,027_AHu2_CEV_RelPos,20.440,
152,1469354,1493090495,027_AHu2_CEV_RelFlow,3.851,
153,1469355,1493090495,027_AHu2_CEV_AbsFlow_US,0.477,
154,1469356,1493090495,027_AHu2_CEV_T1_US,44.223,
155,1469357,1493090496,027_AHu2_CEV_DeltaT_US,29.909,
156,1469358,1493090496,027_AHu2_CEV_T2_US,74.133,
157,1469359,1493090496,027_AHu2_CEV_AbsPower_US1,7.139,
158,1469360,1493090496,027_AHu2_CEV_E_Cooling_US1,71574.586,
159,1469361,1493090496,027_AHu2_CEV_E_Heating_US1,1.741,
160,1469362,1493090496,027_AHu2_CEV_RelPower,7.013,
161,1469363,1493090497,091_AHU101_CEV_RelPos,0.000,
162,1469364,1493090497,091_AHU101_CEV_RelFlow,0.000,
163,1469365,1493090497,091_AHU101_CEV_AbsFlow_US,0.000,
164,1469366,1493090497,091_AHU101_CEV_T1_US,43.686,
165,1469367,1493090497,091_AHU101_CEV_DeltaT_US,15.479,
166,1469368,1493090498,091_AHU101_CEV_T2_US,59.161,
167,1469369,1493090498,091_AHU101_CEV_AbsPower_US1,0.000,
168,1469370,1493090498,091_AHU101_CEV_E_Cooling_US1,251249.531,
169,1469371,1493090498,091_AHU101_CEV_E_Heating_US1,29.082,
170,1469372,1493090499,091_AHU101_CEV_RelPower,0.000,
171,1469373,1493090499,091_AHU102_CEV_RelPos,0.000,
172,1469374,1493090499,091_AHU102_CEV_RelFlow,0.000,
173,1469375,1493090499,091_AHU102_CEV_AbsFlow_US,0.000,
174,1469376,1493090499,091_AHU102_CEV_T1_US,44.150,
175,1469377,1493090499,091_AHU102_CEV_DeltaT_US,20.533,
176,1469378,1493090500,091_AHU102_CEV_T2_US,64.683,
177,1469379,1493090500,091_AHU102_CEV_AbsPower_US1,0.000,
179,1469380,1493090503,091_AHU102_CEV_E_Heating_US1,15.682,
180,1469381,1493090503,091_AHU102_CEV_RelPower,0.000,
181,1469382,1493090503,091_AHU103_CEV_RelPos,1.770,
182,1469383,1493090503,091_AHU103_CEV_RelFlow,0.000,
183,1469384,1493090504,091_AHU103_CEV_AbsFlow_US,0.000,
184,1469385,1493090504,091_AHU103_CEV_T1_US,44.094,
185,1469386,1493090504,091_AHU103_CEV_DeltaT_US,22.472,
186,1469387,1493090504,091_AHU103_CEV_T2_US,66.566,
187,1469388,1493090504,091_AHU103_CEV_AbsPower_US1,0.000,
188,1469389,1493090505,091_AHU103_CEV_E_Cooling_US1,100828.711,
189,1469390,1493090505,091_AHU103_CEV_E_Heating_US1,5.725,
190,1469391,1493090505,091_AHU103_CEV_RelPower,0.000,
191,1469392,1493090505,091_AHU01_CEV_1RelPos,27.350,
192,1469393,1493090505,091_AHU01_CEV_1RelFlow,5.189,
193,1469394,1493090506,091_AHU01_CEV_1AbsFlow_US,24.934,
194,1469395,1493090506,091_AHU01_CEV_1T1_US,43.935,
195,1469396,1493090506,091_AHU01_CEV_1DeltaT_US,17.619,
196,1469397,1493090506,091_AHU01_CEV_1T2_US,61.555,
197,1469398,1493090506,091_AHU01_CEV_1AbsPower_US1,220.089,
199,1469399,1493090509,091_AHU01_CEV_1E_Heating_US1,2762.525,
200,1469400,1493090509,091_AHU01_CEV_1RelPower,7.964,
201,1469401,1493090511,091_AHU01_CEV_2RelPos,27.720,
22,1469402,1493090520,001_AHU106_CEV_RelFlow,7.576,
23,1469403,1493090520,001_AHU106_CEV_AbsFlow_US,3.030,
207,1469404,1493090521,091_AHU01_CEV_2AbsPower_US1,201.374,
208,1469405,1493090521,091_AHU01_CEV_2E_Cooling_US1,1101732.750,
209,1469406,1493090521,091_AHU01_CEV_2E_Heating_US1,233.098,
210,1469407,1493090521,091_AHU01_CEV_2RelPower,7.275,
211,1469408,1493090521,091_AHU319_CEV_RelPos,0.000,
212,1469409,1493090522,091_AHU319_CEV_RelFlow,0.000,
213,1469410,1493090522,091_AHU319_CEV_AbsFlow_US,0.000,
214,1469411,1493090522,091_AHU319_CEV_T1_US,70.521,
215,1469412,1493090522,091_AHU319_CEV_DeltaT_US,1.273,
216,1469413,1493090522,091_AHU319_CEV_T2_US,71.794,
217,1469414,1493090523,091_AHU319_CEV_AbsPower_US1,0.000,
218,1469415,1493090523,091_AHU319_CEV_E_Cooling_US1,811.358,
219,1469416,1493090523,091_AHU319_CEV_E_Heating_US1,2.246,
221,1469417,1493090524,091_AHU504_CEV_RelPos,16.960,
222,1469418,1493090524,091_AHU504_CEV_RelFlow,1.736,
223,1469419,1493090524,091_AHU504_CEV_AbsFlow_US,0.549,
224,1469420,1493090524,091_AHU504_CEV_T1_US,44.173,
225,1469421,1493090525,091_AHU504_CEV_DeltaT_US,24.551,
226,1469422,1493090525,091_AHU504_CEV_T2_US,68.728,
227,1469423,1493090525,091_AHU504_CEV_AbsPower_US1,6.755,
228,1469424,1493090525,091_AHU504_CEV_E_Cooling_US1,37801.953,
229,1469425,1493090525,091_AHU504_CEV_E_Heating_US1,0.194,
230,1469426,1493090526,091_AHU504_CEV_RelPower,3.101,
24,1469427,1493090568,001_AHU106_CEV_T1_US,44.477,
25,1469428,1493090580,001_AHU106_CEV_DeltaT_US,15.269,
1,1469429,1493090601,136A_Ahu1_CEV__RelPos,15.130,
26,1469430,1493090613,001_AHU106_CEV_T2_US,59.705,
27,1469431,1493090613,001_AHU106_CEV_AbsPower_US1,13.343,
271,1469432,1493090646,165_MAU1_CEV_1RelPos,0.000,
272,1469433,1493090646,165_MAU1_CEV_1RelFlow,0.000,
273,1469434,1493090646,165_MAU1_CEV_1AbsFlow_US,0.000,
274,1469435,1493090646,165_MAU1_CEV_1T1_US,89.113,
275,1469436,1493090646,165_MAU1_CEV_1DeltaT_US,11.414,
276,1469437,1493090646,165_MAU1_CEV_1T2_US,77.694,
28,1469438,1493090647,001_AHU106_CEV_E_Cooling_US1,236597.141,
277,1469439,1493090647,165_MAU1_CEV_1AbsPower_US1,0.000,
278,1469440,1493090647,165_MAU1_CEV_1E_Cooling_US1,3099698.000,
279,1469441,1493090647,165_MAU1_CEV_1E_Heating_US1,1064.822,
280,1469442,1493090647,165_MAU1_CEV_1RelPower,0.000,
282,1469443,1493090650,165_MAU1_CEV_2RelFlow,0.000,
283,1469444,1493090651,165_MAU1_CEV_2AbsFlow_US,0.000,
284,1469445,1493090653,165_MAU1_CEV_2T1_US,89.266,
29,1469446,1493090653,001_AHU106_CEV_E_Heating_US1,207.230,
30,1469447,1493090654,001_AHU106_CEV_RelPower,2.998,
287,1469448,1493090657,165_MAU1_CEV_2AbsPower_US1,0.000,
288,1469449,1493090657,165_MAU1_CEV_2E_Cooling_US1,3411292.250,
289,1469450,1493090657,165_MAU1_CEV_2E_Heating_US1,5553.084,
31,1469451,1493090658,001_AHU118_CEV_RelPos,29.710,
290,1469452,1493090658,165_MAU1_CEV_2RelPower,0.000,
291,1469453,1493090658,165_AHU1_CEV_RelPos,0.000,
292,1469454,1493090658,165_AHU1_CEV_RelFlow,0.000,
293,1469455,1493090658,165_AHU1_CEV_AbsFlow_US,0.000,
294,1469456,1493090659,165_AHU1_CEV_T1_US,74.942,
2,1469457,1493090659,136A_Ahu1_CEV_RelFlow,17.298,
295,1469458,1493090659,165_AHU1_CEV_DeltaT_US,1.209,
296,1469459,1493090659,165_AHU1_CEV_T2_US,76.155,
297,1469460,1493090659,165_AHU1_CEV_AbsPower_US1,0.000,
298,1469461,1493090659,165_AHU1_CEV_E_Cooling_US1,268.918,
299,1469462,1493090660,165_AHU1_CEV_E_Heating_US1,0.007,
300,1469463,1493090660,165_AHU1_CEV_RelPower,0.000,
301,1469464,1493090660,165_AHU2_CEV_RelPos,19.260,
302,1469465,1493090660,165_AHU2_CEV_RelFlow,4.183,
303,1469466,1493090660,165_AHU2_CEV_AbsFlow_US,0.496,
304,1469467,1493090660,165_AHU2_CEV_T1_US,44.630,
305,1469468,1493090660,165_AHU2_CEV_DeltaT_US,21.640,
306,1469469,1493090661,165_AHU2_CEV_T2_US,66.269,
307,1469470,1493090661,165_AHU2_CEV_AbsPower_US1,5.361,
308,1469471,1493090661,165_AHU2_CEV_E_Cooling_US1,16944.953,
309,1469472,1493090661,165_AHU2_CEV_E_Heating_US1,0.573,
310,1469473,1493090661,165_AHU2_CEV_RelPower,5.233,
32,1469474,1493090661,001_AHU118_CEV_RelFlow,9.675,
33,1469475,1493090673,001_AHU118_CEV_AbsFlow_US,2.942,
321,1469476,1493090691,003_AHU2_CEV_RelPos,30.240,
322,1469477,1493090691,003_AHU2_CEV_RelFlow,17.949,
323,1469478,1493090691,003_AHU2_CEV_AbsFlow_US,2.552,
324,1469479,1493090691,003_AHU2_CEV_T1_US,46.379,
325,1469480,1493090691,003_AHU2_CEV_DeltaT_US,15.826,
326,1469481,1493090691,003_AHU2_CEV_T2_US,62.205,
327,1469482,1493090692,003_AHU2_CEV_AbsPower_US1,20.224,
328,1469483,1493090692,003_AHU2_CEV_E_Cooling_US1,52599.406,
329,1469484,1493090692,003_AHU2_CEV_E_Heating_US1,9.939,
330,1469485,1493090692,003_AHU2_CEV_RelPower,19.707,
331,1469486,1493090693,168_AHU1_CEV_RelPos,27.890,
332,1469487,1493090693,168_AHU1_CEV_RelFlow,6.288,
333,1469488,1493090693,168_AHU1_CEV_AbsFlow_US,7.974,
334,1469489,1493090694,168_AHU1_CEV_T1_US,44.498,
335,1469490,1493090694,168_AHU1_CEV_DeltaT_US,23.342,
336,1469491,1493090694,168_AHU1_CEV_T2_US,67.841,
337,1469492,1493090694,168_AHU1_CEV_AbsPower_US1,90.221,
338,1469493,1493090694,168_AHU1_CEV_E_Cooling_US1,101406.523,
339,1469494,1493090694,168_AHU1_CEV_E_Heating_US1,13.297,
340,1469495,1493090695,168_AHU1_CEV_RelPower,12.582,
341,1469496,1493090695,168_AHU2_CEV_RelPos,28.740,
34,1469497,1493090695,001_AHU118_CEV_T1_US,44.325,
342,1469498,1493090695,168_AHU2_CEV_RelFlow,7.664,
343,1469499,1493090696,168_AHU2_CEV_AbsFlow_US,9.718,
344,1469500,1493090696,168_AHU2_CEV_T1_US,44.065,
345,1469501,1493090696,168_AHU2_CEV_DeltaT_US,20.306,
346,1469502,1493090696,168_AHU2_CEV_T2_US,64.371,
347,1469503,1493090696,168_AHU2_CEV_AbsPower_US1,98.809,
348,1469504,1493090696,168_AHU2_CEV_E_Cooling_US1,112630.523,
349,1469505,1493090696,168_AHU2_CEV_E_Heating_US1,14.201,
350,1469506,1493090697,168_AHU2_CEV_RelPower,13.780,
351,1469507,1493090697,168_MAU1_CEV_RelPos,0.150,
352,1469508,1493090697,168_MAU1_CEV_RelFlow,0.000,
35,1469509,1493090697,001_AHU118_CEV_DeltaT_US,20.752,
353,1469510,1493090698,168_MAU1_CEV_AbsFlow_US,0.000,
354,1469511,1493090698,168_MAU1_CEV_T1_US,73.773,
355,1469512,1493090698,168_MAU1_CEV_DeltaT_US,0.244,
356,1469513,1493090698,168_MAU1_CEV_T2_US,73.529,
357,1469514,1493090698,168_MAU1_CEV_AbsPower_US1,0.000,
358,1469515,1493090698,168_MAU1_CEV_E_Cooling_US1,4.537,
359,1469516,1493090699,168_MAU1_CEV_E_Heating_US1,1.746,
360,1469517,1493090699,168_MAU1_CEV_RelPower,0.000,
361,1469518,1493090699,168_AHU3_CEV_RelPos,0.000,
362,1469519,1493090699,168_AHU3_CEV_RelFlow,0.000,
363,1469520,1493090699,168_AHU3_CEV_AbsFlow_US,0.000,
364,1469521,1493090699,168_AHU3_CEV_T1_US,63.813,
365,1469522,1493090700,168_AHU3_CEV_DeltaT_US,6.982,
366,1469523,1493090700,168_AHU3_CEV_T2_US,56.830,
367,1469524,1493090700,168_AHU3_CEV_AbsPower_US1,0.000,
368,1469525,1493090700,168_AHU3_CEV_E_Cooling_US1,342.372,
369,1469526,1493090700,168_AHU3_CEV_E_Heating_US1,0.104,
370,1469527,1493090701,168_AHU3_CEV_RelPower,0.000,
371,1469528,1493090701,168_AHU4_CEV_RelPos,0.150,
372,1469529,1493090701,168_AHU4_CEV_RelFlow,0.000,
373,1469530,1493090701,168_AHU4_CEV_AbsFlow_US,0.000,
374,1469531,1493090701,168_AHU4_CEV_T1_US,48.073,
375,1469532,1493090701,168_AHU4_CEV_DeltaT_US,19.658,
376,1469533,1493090701,168_AHU4_CEV_T2_US,67.740,
4,1469534,1493090702,136A_Ahu1_CEV_T1_US,43.105,
5,1469535,1493090702,136A_Ahu1_CEV_DeltaT_US,20.649,
377,1469536,1493090702,168_AHU4_CEV_AbsPower_US1,0.000,
378,1469537,1493090702,168_AHU4_CEV_E_Cooling_US1,39584.332,
379,1469538,1493090702,168_AHU4_CEV_E_Heating_US1,0.128,
380,1469539,1493090702,168_AHU4_CEV_RelPower,0.000,
381,1469540,1493090702,153D_AHU1_CEV_RelPos,41.060,
383,1469541,1493090705,153D_AHU1_CEV_AbsFlow_US,10.357,
6,1469542,1493090705,136A_Ahu1_CEV_T2_US,64.069,
36,1469543,1493090705,001_AHU118_CEV_T2_US,65.063,
384,1469544,1493090706,153D_AHU1_CEV_T1_US,44.283,
385,1469545,1493090706,153D_AHU1_CEV_DeltaT_US,12.755,
386,1469546,1493090706,153D_AHU1_CEV_T2_US,57.038,
387,1469547,1493090706,153D_AHU1_CEV_AbsPower_US1,67.481,
388,1469548,1493090706,153D_AHU1_CEV_E_Cooling_US1,225159.547,
389,1469549,1493090706,153D_AHU1_CEV_E_Heating_US1,5724.011,
390,1469550,1493090707,153D_AHU1_CEV_RelPower,15.974,
7,1469551,1493090707,136A_Ahu1_CEV_AbsPower_US1,1584.675,
37,1469552,1493090707,001_AHU118_CEV_AbsPower_US1,30.507,
391,1469553,1493090707,153D_AHU3_CEV_RelPos,48.600,
392,1469554,1493090708,153D_AHU3_CEV_RelFlow,15.424,
393,1469555,1493090708,153D_AHU3_CEV_AbsFlow_US,14.035,
8,1469556,1493090708,136A_Ahu1_CEV_E_Cooling_US1,6264329.500,
394,1469557,1493090708,153D_AHU3_CEV_T1_US,44.196,
395,1469558,1493090708,153D_AHU3_CEV_DeltaT_US,15.342,
396,1469559,1493090708,153D_AHU3_CEV_T2_US,59.538,
397,1469560,1493090709,153D_AHU3_CEV_AbsPower_US1,106.399,
398,1469561,1493090709,153D_AHU3_CEV_E_Cooling_US1,605388.250,
399,1469562,1493090709,153D_AHU3_CEV_E_Heating_US1,3.015,
400,1469563,1493090709,153D_AHU3_CEV_RelPower,19.594,
38,1469564,1493090710,001_AHU118_CEV_E_Cooling_US1,620049.688,
401,1469565,1493090710,153D_AHU2_CEV_RelPos,30.810,
402,1469566,1493090710,153D_AHU2_CEV_RelFlow,7.074,
403,1469567,1493090710,153D_AHU2_CEV_AbsFlow_US,8.971,
404,1469568,1493090710,153D_AHU2_CEV_T1_US,44.360,
405,1469569,1493090711,153D_AHU2_CEV_DeltaT_US,14.168,
406,1469570,1493090711,153D_AHU2_CEV_T2_US,58.528,
407,1469571,1493090711,153D_AHU2_CEV_AbsPower_US1,63.704,
408,1469572,1493090712,153D_AHU2_CEV_E_Cooling_US1,243470.328,
409,1469573,1493090713,153D_AHU2_CEV_E_Heating_US1,1751.859,
410,1469574,1493090713,153D_AHU2_CEV_RelPower,8.865,
39,1469575,1493090713,001_AHU118_CEV_E_Heating_US1,672.630,
9,1469576,1493090717,136A_Ahu1_CEV_E_Heating_US1,206.046,
40,1469577,1493090720,001_AHU118_CEV_RelPower,14.266,
41,1469578,1493090726,001_OAU_CEV_RelPos,81.870,
42,1469579,1493090732,001_OAU_CEV_RelFlow,101.697,
10,1469580,1493090735,136A_Ahu1_CEV_RelPower,30.558,
43,1469581,1493090741,001_OAU_CEV_AbsFlow_US,41.613,
421,1469582,1493090744,153R_AHU1_CEV_RelPos,25.700,
422,1469583,1493090744,153R_AHU1_CEV_RelFlow,9.075,
423,1469584,1493090744,153R_AHU1_CEV_AbsFlow_US,6.283,
424,1469585,1493090744,153R_AHU1_CEV_T1_US,44.680,
425,1469586,1493090744,153R_AHU1_CEV_DeltaT_US,20.378,
44,1469587,1493090745,001_OAU_CEV_T1_US,44.334,
45,1469588,1493090745,001_OAU_CEV_DeltaT_US,0.588,
426,1469589,1493090745,153R_AHU1_CEV_T2_US,65.063,
427,1469590,1493090745,153R_AHU1_CEV_AbsPower_US1,65.751,
428,1469591,1493090745,153R_AHU1_CEV_E_Cooling_US1,83015.969,
429,1469592,1493090745,153R_AHU1_CEV_E_Heating_US1,171.224,
46,1469593,1493090746,001_OAU_CEV_T2_US,44.923,
47,1469594,1493090746,001_OAU_CEV_AbsPower_US1,12.388,
48,1469595,1493090746,001_OAU_CEV_E_Cooling_US1,207793.891,
430,1469596,1493090746,153R_AHU1_CEV_RelPower,15.428,
431,1469597,1493090746,153R_AHU2_CEV_RelPos,14.370,
432,1469598,1493090746,153R_AHU2_CEV_RelFlow,2.712,
49,1469599,1493090747,001_OAU_CEV_E_Heating_US1,8.109,
50,1469600,1493090747,001_OAU_CEV_RelPower,3.010,
433,1469601,1493090747,153R_AHU2_CEV_AbsFlow_US,0.595,
51,1469602,1493090747,009_AHU2_CEV_RelPos,57.916,
434,1469603,1493090748,153R_AHU2_CEV_T1_US,46.166,
435,1469604,1493090748,153R_AHU2_CEV_DeltaT_US,27.061,
436,1469605,1493090749,153R_AHU2_CEV_T2_US,73.233,
437,1469606,1493090751,153R_AHU2_CEV_AbsPower_US1,6.359,
63,1469607,1493090753,009_AHU1R_CEV_AbsFlow_US,0.000,
441,1469608,1493090754,153R_CVAV_CEV_RelPos,22.840,
64,1469609,1493090754,009_AHU1R_CEV_T1_US,73.606,
443,1469610,1493090755,153R_CVAV_CEV_AbsFlow_US,56.580,
444,1469611,1493090755,153R_CVAV_CEV_T1_US,43.871,
445,1469612,1493090755,153R_CVAV_CEV_DeltaT_US,17.382,
446,1469613,1493090756,153R_CVAV_CEV_T2_US,61.249,
447,1469614,1493090756,153R_CVAV_CEV_AbsPower_US1,492.617,
448,1469615,1493090756,153R_CVAV_CEV_E_Cooling_US1,934645.813,
449,1469616,1493090756,153R_CVAV_CEV_E_Heating_US1,2431.064,
65,1469617,1493090756,009_AHU1R_CEV_DeltaT_US,2.252,
66,1469618,1493090756,009_AHU1R_CEV_T2_US,75.854,
450,1469619,1493090757,153R_CVAV_CEV_RelPower,17.813,
451,1469620,1493090757,153F_AHU1_CEV_RelPos,27.610,
452,1469621,1493090757,153F_AHU1_CEV_RelFlow,8.258,
11,1469622,1493090757,136A_Ahu1_CEV_RelPos,0.290,
67,1469623,1493090757,009_AHU1R_CEV_AbsPower_US1,0.000,
453,1469624,1493090757,153F_AHU1_CEV_AbsFlow_US,10.680,
454,1469625,1493090758,153F_AHU1_CEV_T1_US,43.575,
455,1469626,1493090758,153F_AHU1_CEV_DeltaT_US,15.873,
456,1469627,1493090758,153F_AHU1_CEV_T2_US,59.453,
68,1469628,1493090758,009_AHU1R_CEV_E_Cooling_US1,327567.094,
457,1469629,1493090758,153F_AHU1_CEV_AbsPower_US1,84.993,
458,1469630,1493090758,153F_AHU1_CEV_E_Cooling_US1,355415.313,
459,1469631,1493090758,153F_AHU1_CEV_E_Heating_US1,10.462,
460,1469632,1493090759,153F_AHU1_CEV_RelPower,8.298,
461,1469633,1493090759,153F_AHU2_CEV_RelPos,34.120,
462,1469634,1493090759,153F_AHU2_CEV_RelFlow,14.209,
463,1469635,1493090759,153F_AHU2_CEV_AbsFlow_US,11.712,
464,1469636,1493090759,153F_AHU2_CEV_T1_US,43.723,
465,1469637,1493090759,153F_AHU2_CEV_DeltaT_US,15.183,
466,1469638,1493090760,153F_AHU2_CEV_T2_US,58.906,
467,1469639,1493090760,153F_AHU2_CEV_AbsPower_US1,89.130,
12,1469640,1493090760,136A_Ahu1_CEV_RelFlow,0.000,
69,1469641,1493090760,009_AHU1R_CEV_E_Heating_US1,3.011,
70,1469642,1493090760,009_AHU1R_CEV_RelPower,0.000,
468,1469643,1493090761,153F_AHU2_CEV_E_Cooling_US1,305430.813,
469,1469644,1493090761,153F_AHU2_CEV_E_Heating_US1,21.333,
470,1469645,1493090761,153F_AHU2_CEV_RelPower,12.424,
471,1469646,1493090761,153F_AHU3_CEV_RelPos,35.170,
472,1469647,1493090761,153F_AHU3_CEV_RelFlow,14.345,
473,1469648,1493090762,153F_AHU3_CEV_AbsFlow_US,18.190,
474,1469649,1493090762,153F_AHU3_CEV_T1_US,43.742,
475,1469650,1493090762,153F_AHU3_CEV_DeltaT_US,15.675,
13,1469651,1493090762,136A_Ahu1_CEV_AbsFlow_US,0.000,
476,1469652,1493090762,153F_AHU3_CEV_T2_US,59.421,
477,1469653,1493090762,153F_AHU3_CEV_AbsPower_US1,144.902,
478,1469654,1493090762,153F_AHU3_CEV_E_Cooling_US1,368746.344,
479,1469655,1493090763,153F_AHU3_CEV_E_Heating_US1,10.445,
480,1469656,1493090763,153F_AHU3_CEV_RelPower,20.204,
481,1469657,1493090763,153F_AHU4_CEV_RelPos,36.160,
482,1469658,1493090763,153F_AHU4_CEV_RelFlow,14.149,
483,1469659,1493090763,153F_AHU4_CEV_AbsFlow_US,17.941,
484,1469660,1493090763,153F_AHU4_CEV_T1_US,43.631,
485,1469661,1493090763,153F_AHU4_CEV_DeltaT_US,15.059,
14,1469662,1493090764,136A_Ahu1_CEV_T1_US,43.428,
486,1469663,1493090764,153F_AHU4_CEV_T2_US,58.689,
487,1469664,1493090764,153F_AHU4_CEV_AbsPower_US1,133.544,
488,1469665,1493090764,153F_AHU4_CEV_E_Cooling_US1,283226.313,
15,1469666,1493090764,136A_Ahu1_CEV_DeltaT_US,6.045,
489,1469667,1493090764,153F_AHU4_CEV_E_Heating_US1,8.412,
490,1469668,1493090765,153F_AHU4_CEV_RelPower,18.621,
491,1469669,1493090765,153F_AHU5_CEV_RelPos,37.220,
492,1469670,1493090765,153F_AHU5_CEV_RelFlow,16.114,
493,1469671,1493090765,153F_AHU5_CEV_AbsFlow_US,20.433,
494,1469672,1493090765,153F_AHU5_CEV_T1_US,43.714,
495,1469673,1493090765,153F_AHU5_CEV_DeltaT_US,14.620,
496,1469674,1493090766,153F_AHU5_CEV_T2_US,58.334,
497,1469675,1493090766,153F_AHU5_CEV_AbsPower_US1,149.752,
498,1469676,1493090766,153F_AHU5_CEV_E_Cooling_US1,336259.938,
499,1469677,1493090766,153F_AHU5_CEV_E_Heating_US1,33.688,
500,1469678,1493090766,153F_AHU5_CEV_RelPower,20.593,
501,1469679,1493090766,153F_AHU6_CEV_RelPos,27.460,
502,1469680,1493090767,153F_AHU6_CEV_RelFlow,9.040,
503,1469681,1493090767,153F_AHU6_CEV_AbsFlow_US,11.712,
504,1469682,1493090767,153F_AHU6_CEV_T1_US,43.709,
505,1469683,1493090767,153F_AHU6_CEV_DeltaT_US,12.959,
506,1469684,1493090767,153F_AHU6_CEV_T2_US,56.659,
507,1469685,1493090767,153F_AHU6_CEV_AbsPower_US1,77.666,
508,1469686,1493090768,153F_AHU6_CEV_E_Cooling_US1,312534.656,
509,1469687,1493090768,153F_AHU6_CEV_E_Heating_US1,3.019,
510,1469688,1493090768,153F_AHU6_CEV_RelPower,10.829,
511,1469689,1493090768,022_AHU329_CEV_RelPos,99.700,
16,1469690,1493090768,136A_Ahu1_CEV_T2_US,49.482,
512,1469691,1493090769,022_AHU329_CEV_RelFlow,0.000,
513,1469692,1493090769,022_AHU329_CEV_AbsFlow_US,0.000,
514,1469693,1493090769,022_AHU329_CEV_T1_US,74.877,
515,1469694,1493090769,022_AHU329_CEV_DeltaT_US,3.992,
516,1469695,1493090769,022_AHU329_CEV_T2_US,78.874,
517,1469696,1493090770,022_AHU329_CEV_AbsPower_US1,0.000,
518,1469697,1493090770,022_AHU329_CEV_E_Cooling_US1,102228.172,
519,1469698,1493090770,022_AHU329_CEV_E_Heating_US1,4.444,
520,1469699,1493090770,022_AHU329_CEV_RelPower,0.000,
521,1469700,1493090770,022_BCU1_CEV_RelPos,0.000,
522,1469701,1493090770,022_BCU1_CEV_RelFlow,0.000,
523,1469702,1493090771,022_BCU1_CEV_AbsFlow_US,0.000,
524,1469703,1493090771,022_BCU1_CEV_T1_US,62.713,
526,1469704,1493090774,022_BCU1_CEV_T2_US,73.084,
527,1469705,1493090774,022_BCU1_CEV_AbsPower_US1,0.000,
528,1469706,1493090774,022_BCU1_CEV_E_Cooling_US1,29911.947,
17,1469707,1493090774,136A_Ahu1_CEV_AbsPower_US1,0.000,
529,1469708,1493090774,022_BCU1_CEV_E_Heating_US1,79.699,
530,1469709,1493090774,022_BCU1_CEV_RelPower,0.000,
531,1469710,1493090775,022_BCU2_CEV_RelPos,25.590,
532,1469711,1493090775,022_BCU2_CEV_RelFlow,6.722,
534,1469712,1493090778,022_BCU2_CEV_T1_US,47.348,
535,1469713,1493090778,022_BCU2_CEV_DeltaT_US,19.557,
536,1469714,1493090778,022_BCU2_CEV_T2_US,66.909,
537,1469715,1493090778,022_BCU2_CEV_AbsPower_US1,8.174,
538,1469716,1493090778,022_BCU2_CEV_E_Cooling_US1,64593.438,
539,1469717,1493090779,022_BCU2_CEV_E_Heating_US1,51.278,
540,1469718,1493090779,022_BCU2_CEV_RelPower,7.934,
541,1469719,1493090780,108_RTU1_CEV_RelPos,22.090,
542,1469720,1493090780,108_RTU1_CEV_RelFlow,1.438,
543,1469721,1493090780,108_RTU1_CEV_AbsFlow_US,0.711,
18,1469722,1493090780,136A_Ahu1_CEV_E_Cooling_US1,4995131.000,
544,1469723,1493090780,108_RTU1_CEV_T1_US,47.182,
545,1469724,1493090781,108_RTU1_CEV_DeltaT_US,20.136,
546,1469725,1493090781,108_RTU1_CEV_T2_US,67.318,
547,1469726,1493090781,108_RTU1_CEV_AbsPower_US1,7.225,
548,1469727,1493090781,108_RTU1_CEV_E_Cooling_US1,334099.938,
549,1469728,1493090781,108_RTU1_CEV_E_Heating_US1,21.297,
550,1469729,1493090781,108_RTU1_CEV_RelPower,1.760,
19,1469730,1493090782,136A_Ahu1_CEV_E_Heating_US1,19753.918,
551,1469731,1493090782,108_CHWSL1_CEV_RelPos,100.000,
552,1469732,1493090782,108_CHWSL1_CEV_RelFlow,7.050,
553,1469733,1493090782,108_CHWSL1_CEV_AbsFlow_US,2.794,
554,1469734,1493090783,108_CHWSL1_CEV_T1_US,45.746,
555,1469735,1493090783,108_CHWSL1_CEV_DeltaT_US,14.153,
556,1469736,1493090783,108_CHWSL1_CEV_T2_US,59.900,
557,1469737,1493090783,108_CHWSL1_CEV_AbsPower_US1,19.650,
558,1469738,1493090783,108_CHWSL1_CEV_E_Cooling_US1,178417.453,
559,1469739,1493090783,108_CHWSL1_CEV_E_Heating_US1,23.750,
560,1469740,1493090784,108_CHWSL1_CEV_RelPower,9.208,
561,1469741,1493090784,108_CHWSL2_CEV_RelPos,100.000,
562,1469742,1493090784,108_CHWSL2_CEV_RelFlow,5.402,
563,1469743,1493090784,108_CHWSL2_CEV_AbsFlow_US,2.671,
564,1469744,1493090784,108_CHWSL2_CEV_T1_US,45.243,
565,1469745,1493090785,108_CHWSL2_CEV_DeltaT_US,5.444,
566,1469746,1493090785,108_CHWSL2_CEV_T2_US,50.692,
567,1469747,1493090785,108_CHWSL2_CEV_AbsPower_US1,7.328,
568,1469748,1493090785,108_CHWSL2_CEV_E_Cooling_US1,130541.375,
569,1469749,1493090785,108_CHWSL2_CEV_E_Heating_US1,1.385,
570,1469750,1493090785,108_CHWSL2_CEV_RelPower,1.767,
571,1469751,1493090786,108_CHWSL3_CEV_RelPos,100.000,
572,1469752,1493090786,108_CHWSL3_CEV_RelFlow,1.877,
573,1469753,1493090787,108_CHWSL3_CEV_AbsFlow_US,0.926,
574,1469754,1493090787,108_CHWSL3_CEV_T1_US,48.876,
575,1469755,1493090788,108_CHWSL3_CEV_DeltaT_US,15.895,
576,1469756,1493090788,108_CHWSL3_CEV_T2_US,64.761,
577,1469757,1493090789,108_CHWSL3_CEV_AbsPower_US1,7.162,
578,1469758,1493090789,108_CHWSL3_CEV_E_Cooling_US1,97465.789,
579,1469759,1493090789,108_CHWSL3_CEV_E_Heating_US1,3897.182,
580,1469760,1493090790,108_CHWSL3_CEV_RelPower,1.710,
20,1469761,1493090790,136A_Ahu1_CEV_RelPower,0.000,
591,1469762,1493090820,108_CHWSL5_CEV_RelPos,100.000,
592,1469763,1493090820,108_CHWSL5_CEV_RelFlow,2.825,
593,1469764,1493090820,108_CHWSL5_CEV_AbsFlow_US,1.151,
594,1469765,1493090820,108_CHWSL5_CEV_T1_US,45.285,
596,1469766,1493090823,108_CHWSL5_CEV_T2_US,47.844,
597,1469767,1493090823,108_CHWSL5_CEV_AbsPower_US1,1.424,
598,1469768,1493090823,108_CHWSL5_CEV_E_Cooling_US1,84604.398,
599,1469769,1493090824,108_CHWSL5_CEV_E_Heating_US1,2.132,
600,1469770,1493090824,108_CHWSL5_CEV_RelPower,0.664,
601,1469771,1493090824,108_CHWSL6_CEV_RelPos,100.000,
602,1469772,1493090824,108_CHWSL6_CEV_RelFlow,30.641,
603,1469773,1493090824,108_CHWSL6_CEV_AbsFlow_US,12.142,
604,1469774,1493090824,108_CHWSL6_CEV_T1_US,44.763,
606,1469775,1493090825,108_CHWSL6_CEV_T2_US,47.946,
607,1469776,1493090826,108_CHWSL6_CEV_AbsPower_US1,19.298,
608,1469777,1493090826,108_CHWSL6_CEV_E_Cooling_US1,498192.938,
609,1469778,1493090826,108_CHWSL6_CEV_E_Heating_US1,32.216,
610,1469779,1493090826,108_CHWSL6_CEV_RelPower,9.033,
611,1469780,1493090826,031_CV1_CEV_RelPos,100.000,
612,1469781,1493090826,031_CV1_CEV_RelFlow,84.030,
613,1469782,1493090827,031_CV1_CEV_AbsFlow_US,113.211,
614,1469783,1493090827,031_CV1_CEV_T1_US,43.257,
615,1469784,1493090827,031_CV1_CEV_DeltaT_US,6.649,
616,1469785,1493090827,031_CV1_CEV_T2_US,49.911,
617,1469786,1493090827,031_CV1_CEV_AbsPower_US1,377.953,
618,1469787,1493090827,031_CV1_CEV_E_Cooling_US1,1634215.625,
619,1469788,1493090828,031_CV1_CEV_E_Heating_US1,289.632,
620,1469789,1493090828,031_CV1_CEV_RelPower,36.915,
621,1469790,1493090828,031_VAV2_CEV_RelPos,48.150,
622,1469791,1493090828,031_VAV2_CEV_RelFlow,15.837,
623,1469792,1493090828,031_VAV2_CEV_AbsFlow_US,10.724,
624,1469793,1493090828,031_VAV2_CEV_T1_US,44.131,
625,1469794,1493090829,031_VAV2_CEV_DeltaT_US,15.959,
626,1469795,1493090829,031_VAV2_CEV_T2_US,60.090,
627,1469796,1493090829,031_VAV2_CEV_AbsPower_US1,85.321,
628,1469797,1493090829,031_VAV2_CEV_E_Cooling_US1,613884.625,
629,1469798,1493090829,031_VAV2_CEV_E_Heating_US1,53.736,
630,1469799,1493090830,031_VAV2_CEV_RelPower,20.373,
631,1469800,1493090830,031_CV2_CEV_RelPos,0.000,
632,1469801,1493090830,031_CV2_CEV_RelFlow,0.000,
633,1469802,1493090830,031_CV2_CEV_AbsFlow_US,0.000,
634,1469803,1493090830,031_CV2_CEV_T1_US,55.850,
635,1469804,1493090830,031_CV2_CEV_DeltaT_US,14.293,
636,1469805,1493090830,031_CV2_CEV_T2_US,70.143,
637,1469806,1493090831,031_CV2_CEV_AbsPower_US1,0.000,
638,1469807,1493090831,031_CV2_CEV_E_Cooling_US1,245027.828,
639,1469808,1493090831,031_CV2_CEV_E_Heating_US1,97.037,
640,1469809,1493090831,031_CV2_CEV_RelPower,0.000,
641,1469810,1493090831,031_CV3_CEV_RelPos,0.150,
642,1469811,1493090831,031_CV3_CEV_RelFlow,0.000,
643,1469812,1493090832,031_CV3_CEV_AbsFlow_US,0.000,
644,1469813,1493090832,031_CV3_CEV_T1_US,46.245,
645,1469814,1493090832,031_CV3_CEV_DeltaT_US,19.871,
646,1469815,1493090832,031_CV3_CEV_T2_US,66.116,
647,1469816,1493090832,031_CV3_CEV_AbsPower_US1,0.000,
648,1469817,1493090832,031_CV3_CEV_E_Cooling_US1,491178.906,
650,1469818,1493090835,031_CV3_CEV_RelPower,0.000,
651,1469819,1493090835,031_CV4_CEV_RelPos,45.940,
652,1469820,1493090835,031_CV4_CEV_RelFlow,17.078,
653,1469821,1493090835,031_CV4_CEV_AbsFlow_US,15.459,
654,1469822,1493090835,031_CV4_CEV_T1_US,43.716,
655,1469823,1493090835,031_CV4_CEV_DeltaT_US,17.102,
656,1469824,1493090836,031_CV4_CEV_T2_US,60.823,
657,1469825,1493090836,031_CV4_CEV_AbsPower_US1,132.714,
658,1469826,1493090836,031_CV4_CEV_E_Cooling_US1,652880.750,
659,1469827,1493090836,031_CV4_CEV_E_Heating_US1,73.736,
660,1469828,1493090836,031_CV4_CEV_RelPower,24.442,
662,1469829,1493090839,031_CV5_CEV_RelFlow,26.722,
663,1469830,1493090839,031_CV5_CEV_AbsFlow_US,18.113,
664,1469831,1493090839,031_CV5_CEV_T1_US,44.057,
665,1469832,1493090839,031_CV5_CEV_DeltaT_US,14.282,
666,1469833,1493090839,031_CV5_CEV_T2_US,58.326,
667,1469834,1493090839,031_CV5_CEV_AbsPower_US1,130.507,
668,1469835,1493090840,031_CV5_CEV_E_Cooling_US1,389791.313,
669,1469836,1493090840,031_CV5_CEV_E_Heating_US1,122.634,
670,1469837,1493090840,031_CV5_CEV_RelPower,31.062,
671,1469838,1493090840,031_VAV3_CEV_RelPos,33.820,
672,1469839,1493090840,031_VAV3_CEV_RelFlow,14.738,
673,1469840,1493090840,031_VAV3_CEV_AbsFlow_US,18.689,
674,1469841,1493090841,031_VAV3_CEV_T1_US,43.331,
675,1469842,1493090841,031_VAV3_CEV_DeltaT_US,20.622,
676,1469843,1493090841,031_VAV3_CEV_T2_US,63.953,
677,1469844,1493090841,031_VAV3_CEV_AbsPower_US1,193.005,
678,1469845,1493090841,031_VAV3_CEV_E_Cooling_US1,674645.875,
679,1469846,1493090842,031_VAV3_CEV_E_Heating_US1,2.051,
680,1469847,1493090842,031_VAV3_CEV_RelPower,26.917,
681,1469848,1493090842,031_EXG1_CEV_RelPos,100.000,
682,1469849,1493090842,031_EXG1_CEV_RelFlow,96.977,
683,1469850,1493090842,031_EXG1_CEV_AbsFlow_US,130.656,
684,1469851,1493090842,031_EXG1_CEV_T1_US,43.035,
685,1469852,1493090842,031_EXG1_CEV_DeltaT_US,3.460,
686,1469853,1493090843,031_EXG1_CEV_T2_US,46.500,
687,1469854,1493090843,031_EXG1_CEV_AbsPower_US1,227.741,
688,1469855,1493090843,031_EXG1_CEV_E_Cooling_US1,1200685.125,
689,1469856,1493090843,031_EXG1_CEV_E_Heating_US1,35.780,
690,1469857,1493090843,031_EXG1_CEV_RelPower,22.228,
691,1469858,1493090844,031_EXG2_CEV_RelPos,27.630,
692,1469859,1493090844,031_EXG2_CEV_RelFlow,13.212,
693,1469860,1493090844,031_EXG2_CEV_AbsFlow_US,17.801,
694,1469861,1493090844,031_EXG2_CEV_T1_US,43.266,
695,1469862,1493090844,031_EXG2_CEV_DeltaT_US,18.873,
696,1469863,1493090844,031_EXG2_CEV_T2_US,62.139,
697,1469864,1493090845,031_EXG2_CEV_AbsPower_US1,168.257,
698,1469865,1493090845,031_EXG2_CEV_E_Cooling_US1,1482118.875,
699,1469866,1493090845,031_EXG2_CEV_E_Heating_US1,234.006,
700,1469867,1493090845,031_EXG2_CEV_RelPower,16.418,
711,1469868,1493090875,034_AHU1_CEV_RelPos,0.000,
712,1469869,1493090875,034_AHU1_CEV_RelFlow,0.000,
713,1469870,1493090875,034_AHU1_CEV_AbsFlow_US,0.000,
714,1469871,1493090875,034_AHU1_CEV_T1_US,70.646,
715,1469872,1493090875,034_AHU1_CEV_DeltaT_US,8.126,
716,1469873,1493090876,034_AHU1_CEV_T2_US,62.516,
717,1469874,1493090876,034_AHU1_CEV_AbsPower_US1,0.000,
718,1469875,1493090876,034_AHU1_CEV_E_Cooling_US1,51040.613,
719,1469876,1493090876,034_AHU1_CEV_E_Heating_US1,78010.305,
720,1469877,1493090876,034_AHU1_CEV_RelPower,0.000,
721,1469878,1493090876,074_AHU1_CEV_RelPos,0.000,
722,1469879,1493090877,074_AHU1_CEV_RelFlow,0.000,
723,1469880,1493090877,074_AHU1_CEV_AbsFlow_US,0.000,
724,1469881,1493090877,074_AHU1_CEV_T1_US,48.913,
725,1469882,1493090877,074_AHU1_CEV_DeltaT_US,19.630,
726,1469883,1493090877,074_AHU1_CEV_T2_US,68.538,
727,1469884,1493090877,074_AHU1_CEV_AbsPower_US1,0.000,
729,1469885,1493090878,074_AHU1_CEV_E_Heating_US1,1123.891,
730,1469886,1493090878,074_AHU1_CEV_RelPower,0.000,
732,1469887,1493090881,041_AHU1_CEV_RelFlow,11.163,
733,1469888,1493090881,041_AHU1_CEV_AbsFlow_US,28.311,
734,1469889,1493090881,041_AHU1_CEV_T1_US,43.354,
735,1469890,1493090881,041_AHU1_CEV_DeltaT_US,18.345,
736,1469891,1493090881,041_AHU1_CEV_T2_US,61.699,
737,1469892,1493090881,041_AHU1_CEV_AbsPower_US1,260.196,
738,1469893,1493090882,041_AHU1_CEV_E_Cooling_US1,950028.500,
739,1469894,1493090882,041_AHU1_CEV_E_Heating_US1,2739.214,
740,1469895,1493090882,041_AHU1_CEV_RelPower,14.935,
741,1469896,1493090882,041_AHU2_CEV_RelPos,0.440,
742,1469897,1493090882,041_AHU2_CEV_RelFlow,0.000,
743,1469898,1493090882,041_AHU2_CEV_AbsFlow_US,0.000,
744,1469899,1493090883,041_AHU2_CEV_T1_US,999.900,
745,1469900,1493090883,041_AHU2_CEV_DeltaT_US,1766.168,
746,1469901,1493090883,041_AHU2_CEV_T2_US,65.652,
747,1469902,1493090883,041_AHU2_CEV_AbsPower_US1,0.000,
748,1469903,1493090883,041_AHU2_CEV_E_Cooling_US1,0.000,
749,1469904,1493090883,041_AHU2_CEV_E_Heating_US1,0.000,
750,1469905,1493090883,041_AHU2_CEV_RelPower,0.000,
751,1469906,1493090884,041_AHU9_CEV_RelPos,71.860,
752,1469907,1493090884,041_AHU9_CEV_RelFlow,93.288,
753,1469908,1493090884,041_AHU9_CEV_AbsFlow_US,18.897,
754,1469909,1493090884,041_AHU9_CEV_T1_US,43.425,
756,1469910,1493090884,041_AHU9_CEV_T2_US,48.693,
757,1469911,1493090885,041_AHU9_CEV_AbsPower_US1,50.077,
758,1469912,1493090885,041_AHU9_CEV_E_Cooling_US1,69121.867,
759,1469913,1493090885,041_AHU9_CEV_E_Heating_US1,0.254,
760,1469914,1493090885,041_AHU9_CEV_RelPower,30.630,
761,1469915,1493090885,041_AHU3_CEV_RelPos,19.060,
762,1469916,1493090885,041_AHU3_CEV_RelFlow,2.284,
763,1469917,1493090885,041_AHU3_CEV_AbsFlow_US,6.155,
764,1469918,1493090886,041_AHU3_CEV_T1_US,43.562,
765,1469919,1493090886,041_AHU3_CEV_DeltaT_US,23.672,
766,1469920,1493090886,041_AHU3_CEV_T2_US,67.229,
767,1469921,1493090886,041_AHU3_CEV_AbsPower_US1,72.897,
768,1469922,1493090886,041_AHU3_CEV_E_Cooling_US1,1427521.250,
769,1469923,1493090887,041_AHU3_CEV_E_Heating_US1,0.007,
770,1469924,1493090887,041_AHU3_CEV_RelPower,4.185,
771,1469925,1493090887,041_AHU4_CEV_RelPos,54.010,
772,1469926,1493090888,041_AHU4_CEV_RelFlow,24.250,
773,1469927,1493090888,041_AHU4_CEV_AbsFlow_US,19.398,
774,1469928,1493090888,041_AHU4_CEV_T1_US,43.720,
775,1469929,1493090888,041_AHU4_CEV_DeltaT_US,12.533,
776,1469930,1493090888,041_AHU4_CEV_T2_US,56.249,
777,1469931,1493090888,041_AHU4_CEV_AbsPower_US1,120.874,
778,1469932,1493090889,041_AHU4_CEV_E_Cooling_US1,450112.219,
779,1469933,1493090889,041_AHU4_CEV_E_Heating_US1,3.451,
780,1469934,1493090889,041_AHU4_CEV_RelPower,22.155,
781,1469935,1493090889,041_AHU5_CEV_RelPos,19.530,
782,1469936,1493090890,041_AHU5_CEV_RelFlow,3.623,
783,1469937,1493090890,041_AHU5_CEV_AbsFlow_US,1.690,
784,1469938,1493090890,041_AHU5_CEV_T1_US,43.766,
790,1469939,1493090896,041_AHU5_CEV_RelPower,3.617,
791,1469940,1493090896,041_AHU6_CEV_RelPos,85.690,
792,1469941,1493090896,041_AHU6_CEV_RelFlow,96.042,
793,1469942,1493090897,041_AHU6_CEV_AbsFlow_US,33.871,
794,1469943,1493090897,041_AHU6_CEV_T1_US,43.508,
795,1469944,1493090897,041_AHU6_CEV_DeltaT_US,0.561,
796,1469945,1493090897,041_AHU6_CEV_T2_US,44.073,
797,1469946,1493090897,041_AHU6_CEV_AbsPower_US1,9.583,
798,1469947,1493090897,041_AHU6_CEV_E_Cooling_US1,136237.531,
799,1469948,1493090898,041_AHU6_CEV_E_Heating_US1,12.359,
800,1469949,1493090898,041_AHU6_CEV_RelPower,4.454,
801,1469950,1493090898,071_AHU1_CEV_RelPos,0.000,
802,1469951,1493090898,071_AHU1_CEV_RelFlow,0.000,
803,1469952,1493090898,071_AHU1_CEV_AbsFlow_US,0.000,
804,1469953,1493090898,071_AHU1_CEV_T1_US,61.261,
805,1469954,1493090899,071_AHU1_CEV_DeltaT_US,1.204,
806,1469955,1493090899,071_AHU1_CEV_T2_US,62.465,
807,1469956,1493090899,071_AHU1_CEV_AbsPower_US1,0.000,
808,1469957,1493090899,071_AHU1_CEV_E_Cooling_US1,67865.258,
810,1469958,1493090902,071_AHU1_CEV_RelPower,0.000,
811,1469959,1493090902,071_AHU2_CEV_RelPos,0.000,
812,1469960,1493090902,071_AHU2_CEV_RelFlow,0.000,
813,1469961,1493090902,071_AHU2_CEV_AbsFlow_US,0.000,
814,1469962,1493090902,071_AHU2_CEV_T1_US,57.866,
815,1469963,1493090902,071_AHU2_CEV_DeltaT_US,3.615,
816,1469964,1493090903,071_AHU2_CEV_T2_US,61.481,
817,1469965,1493090903,071_AHU2_CEV_AbsPower_US1,0.000,
818,1469966,1493090903,071_AHU2_CEV_E_Cooling_US1,24606.049,
820,1469967,1493090906,071_AHU2_CEV_RelPower,0.000,
821,1469968,1493090906,071_AHU7_CEV_RelPos,19.650,
822,1469969,1493090906,071_AHU7_CEV_RelFlow,3.569,
823,1469970,1493090906,071_AHU7_CEV_AbsFlow_US,0.728,
824,1469971,1493090907,071_AHU7_CEV_T1_US,49.651,
825,1469972,1493090907,071_AHU7_CEV_DeltaT_US,20.863,
826,1469973,1493090907,071_AHU7_CEV_T2_US,70.514,
827,1469974,1493090907,071_AHU7_CEV_AbsPower_US1,7.662,
828,1469975,1493090907,071_AHU7_CEV_E_Cooling_US1,5476.501,
829,1469976,1493090907,071_AHU7_CEV_E_Heating_US1,0.803,
830,1469977,1493090908,071_AHU7_CEV_RelPower,4.752,
834,1469978,1493090913,020_AHU1_CEV_T1_US,43.562,
835,1469979,1493090913,020_AHU1_CEV_DeltaT_US,13.286,
836,1469980,1493090913,020_AHU1_CEV_T2_US,56.848,
837,1469981,1493090913,020_AHU1_CEV_AbsPower_US1,278.821,
838,1469982,1493090914,020_AHU1_CEV_E_Cooling_US1,3180769.000,
839,1469983,1493090914,020_AHU1_CEV_E_Heating_US1,115.445,
846,1469984,1493090920,02_AHU2_CEV_T2_US,57.992,
847,1469985,1493090921,02_AHU2_CEV_AbsPower_US1,339.187,
848,1469986,1493090921,02_AHU2_CEV_E_Cooling_US1,1506841.375,
849,1469987,1493090921,02_AHU2_CEV_E_Heating_US1,1860.367,
850,1469988,1493090921,02_AHU2_CEV_RelPower,19.474,
852,1469989,1493090922,133_AHU1_CEV_RelFlow,10.678,
853,1469990,1493090923,133_AHU1_CEV_AbsFlow_US,27.080,
854,1469991,1493090923,133_AHU1_CEV_T1_US,43.742,
855,1469992,1493090923,133_AHU1_CEV_DeltaT_US,20.819,
856,1469993,1493090923,133_AHU1_CEV_T2_US,64.561,
857,1469994,1493090923,133_AHU1_CEV_AbsPower_US1,282.294,
858,1469995,1493090923,133_AHU1_CEV_E_Cooling_US1,1154882.875,
859,1469996,1493090924,133_AHU1_CEV_E_Heating_US1,11501.633,
860,1469997,1493090924,133_AHU1_CEV_RelPower,16.193,
861,1469998,1493090924,133_AHU2_CEV_RelPos,28.110,
862,1469999,1493090924,133_AHU2_CEV_RelFlow,13.590,
863,1470000,1493090924,133_AHU2_CEV_AbsFlow_US,34.466,
864,1470001,1493090924,133_AHU2_CEV_T1_US,43.700,
865,1470002,1493090924,133_AHU2_CEV_DeltaT_US,18.490,
866,1470003,1493090925,133_AHU2_CEV_T2_US,62.190,
867,1470004,1493090925,133_AHU2_CEV_AbsPower_US1,319.235,
868,1470005,1493090925,133_AHU2_CEV_E_Cooling_US1,785641.563,
869,1470006,1493090925,133_AHU2_CEV_E_Heating_US1,0.767,
870,1470007,1493090925,133_AHU2_CEV_RelPower,18.319,
871,1470008,1493090925,133_AHU3_CEV_RelPos,13.000,
872,1470009,1493090926,133_AHU3_CEV_RelFlow,11.663,
873,1470010,1493090926,133_AHU3_CEV_AbsFlow_US,25.893,
874,1470011,1493090926,133_AHU3_CEV_T1_US,43.695,
875,1470012,1493090926,133_AHU3_CEV_DeltaT_US,17.103,
876,1470013,1493090926,133_AHU3_CEV_T2_US,60.799,
877,1470014,1493090926,133_AHU3_CEV_AbsPower_US1,221.895,
878,1470015,1493090926,133_AHU3_CEV_E_Cooling_US1,1917390.500,
879,1470016,1493090927,133_AHU3_CEV_E_Heating_US1,1.526,
880,1470017,1493090927,133_AHU3_CEV_RelPower,8.021,
881,1470018,1493090927,133_AHU4_CEV_RelPos,46.120,
882,1470019,1493090927,133_AHU4_CEV_RelFlow,29.183,
883,1470020,1493090927,133_AHU4_CEV_AbsFlow_US,47.705,
884,1470021,1493090928,133_AHU4_CEV_T1_US,43.931,
885,1470022,1493090928,133_AHU4_CEV_DeltaT_US,10.365,
886,1470023,1493090928,133_AHU4_CEV_T2_US,54.296,
887,1470024,1493090928,133_AHU4_CEV_AbsPower_US1,248.152,
888,1470025,1493090928,133_AHU4_CEV_E_Cooling_US1,906668.500,
889,1470026,1493090928,133_AHU4_CEV_E_Heating_US1,6.659,
890,1470027,1493090929,133_AHU4_CEV_RelPower,24.220,
891,1470028,1493090929,133_AHU5_CEV_RelPos,0.000,
892,1470029,1493090929,133_AHU5_CEV_RelFlow,0.000,
893,1470030,1493090929,133_AHU5_CEV_AbsFlow_US,0.000,
894,1470031,1493090929,133_AHU5_CEV_T1_US,49.370,
895,1470032,1493090929,133_AHU5_CEV_DeltaT_US,23.009,
896,1470033,1493090929,133_AHU5_CEV_T2_US,72.374,
897,1470034,1493090930,133_AHU5_CEV_AbsPower_US1,0.000,
898,1470035,1493090930,133_AHU5_CEV_E_Cooling_US1,3495.093,
899,1470036,1493090930,133_AHU5_CEV_E_Heating_US1,1.135,
900,1470037,1493090930,133_AHU5_CEV_RelPower,0.000,
901,1470038,1493090930,133_AHU1E_CEV_RelPos,100.000,
902,1470039,1493090931,133_AHU1E_CEV_RelFlow,94.736,
903,1470040,1493090931,133_AHU1E_CEV_AbsFlow_US,154.865,
904,1470041,1493090931,133_AHU1E_CEV_T1_US,43.206,
905,1470042,1493090931,133_AHU1E_CEV_DeltaT_US,3.248,
906,1470043,1493090931,133_AHU1E_CEV_T2_US,46.454,
907,1470044,1493090931,133_AHU1E_CEV_AbsPower_US1,252.684,
908,1470045,1493090931,133_AHU1E_CEV_E_Cooling_US1,1267920.125,
909,1470046,1493090931,133_AHU1E_CEV_E_Heating_US1,3.097,
910,1470047,1493090932,133_AHU1E_CEV_RelPower,24.733,
911,1470048,1493090932,133_AHU2E_CEV_RelPos,59.200,
912,1470049,1493090932,133_AHU2E_CEV_RelFlow,29.836,
913,1470050,1493090932,133_AHU2E_CEV_AbsFlow_US,48.773,
914,1470051,1493090932,133_AHU2E_CEV_T1_US,43.446,
915,1470052,1493090932,133_AHU2E_CEV_DeltaT_US,4.014,
916,1470053,1493090932,133_AHU2E_CEV_T2_US,47.460,
917,1470054,1493090932,133_AHU2E_CEV_AbsPower_US1,99.051,
918,1470055,1493090932,133_AHU2E_CEV_E_Cooling_US1,354253.875,
919,1470056,1493090933,133_AHU2E_CEV_E_Heating_US1,2.264,
920,1470057,1493090933,133_AHU2E_CEV_RelPower,9.668,
921,1470058,1493090933,082_RTU1E_CEV_RelPos,62.300,
922,1470059,1493090933,082_RTU1E_CEV_RelFlow,27.746,
923,1470060,1493090933,082_RTU1E_CEV_AbsFlow_US,49.842,
924,1470061,1493090933,082_RTU1E_CEV_T1_US,43.095,
925,1470062,1493090934,082_RTU1E_CEV_DeltaT_US,11.246,
926,1470063,1493090934,082_RTU1E_CEV_T2_US,54.342,
927,1470064,1493090934,082_RTU1E_CEV_AbsPower_US1,281.213,
928,1470065,1493090934,082_RTU1E_CEV_E_Cooling_US1,513469.031,
929,1470066,1493090934,082_RTU1E_CEV_E_Heating_US1,5491.188,
930,1470067,1493090934,082_RTU1E_CEV_RelPower,27.666,
931,1470068,1493090935,082_RTU1E_CEV_RelPos,59.000,
932,1470069,1493090935,082_RTU1E_CEV_RelFlow,21.007,
933,1470070,1493090936,082_RTU1E_CEV_AbsFlow_US,37.737,
934,1470071,1493090936,082_RTU1E_CEV_T1_US,43.714,
935,1470072,1493090936,082_RTU1E_CEV_DeltaT_US,13.452,
936,1470073,1493090936,082_RTU1E_CEV_T2_US,57.166,
937,1470074,1493090936,082_RTU1E_CEV_AbsPower_US1,259.785,
938,1470075,1493090937,082_RTU1E_CEV_E_Cooling_US1,157753.297,
939,1470076,1493090937,082_RTU1E_CEV_E_Heating_US1,249.669,
940,1470077,1493090937,082_RTU1E_CEV_RelPower,25.356,
941,1470078,1493090937,102_AHU1L_CEV_RelPos,68.810,
942,1470079,1493090938,102_AHU1L_CEV_RelFlow,97.803,
943,1470080,1493090938,102_AHU1L_CEV_AbsFlow_US,9.775,
944,1470081,1493090939,102_AHU1L_CEV_T1_US,43.868,
945,1470082,1493090939,102_AHU1L_CEV_DeltaT_US,6.367,
946,1470083,1493090939,102_AHU1L_CEV_T2_US,50.235,
947,1470084,1493090939,102_AHU1L_CEV_AbsPower_US1,31.266,
948,1470085,1493090940,102_AHU1L_CEV_E_Cooling_US1,17938.291,
949,1470086,1493090941,102_AHU1L_CEV_E_Heating_US1,6.246,
950,1470087,1493090943,102_AHU1L_CEV_RelPower,50.845,
951,1470088,1493090944,102_AHU2L_CEV_RelPos,28.890,
952,1470089,1493090944,102_AHU2L_CEV_RelFlow,21.660,
953,1470090,1493090945,102_AHU2L_CEV_AbsFlow_US,2.803,
954,1470091,1493090945,102_AHU2L_CEV_T1_US,44.445,
955,1470092,1493090945,102_AHU2L_CEV_DeltaT_US,18.498,
956,1470093,1493090945,102_AHU2L_CEV_T2_US,62.943,
957,1470094,1493090945,102_AHU2L_CEV_AbsPower_US1,25.925,
958,1470095,1493090946,102_AHU2L_CEV_E_Cooling_US1,14493.593,
959,1470096,1493090946,102_AHU2L_CEV_E_Heating_US1,19.036,
960,1470097,1493090947,102_AHU2L_CEV_RelPower,25.340,
981,1470098,1493091008,161_VAVE_CECVRelPos,22.880,
982,1470099,1493091008,161_VAVE_CECVRelFlow,5.808,
983,1470100,1493091008,161_VAVE_CECVAbsFlow_US,28.770,
984,1470101,1493091008,161_VAVE_CECVT1_US,42.934,
985,1470102,1493091008,161_VAVE_CECVDeltaT_US,8.311,
986,1470103,1493091009,161_VAVE_CECVT2_US,51.245,
987,1470104,1493091009,161_VAVE_CECVAbsPower_US1,120.023,
988,1470105,1493091009,161_VAVE_CECVE_Cooling_US1,258862.766,
989,1470106,1493091009,161_VAVE_CECVE_Heating_US1,16.731,
990,1470107,1493091009,161_VAVE_CECVRelPower,4.341,
991,1470108,1493091009,161_VAVC_CEV_1RelPos,33.380,
992,1470109,1493091010,161_VAVC_CEV_1RelFlow,12.875,
993,1470110,1493091011,161_VAVC_CEV_1AbsFlow_US,91.833,
994,1470111,1493091011,161_VAVC_CEV_1T1_US,43.266,
995,1470112,1493091012,161_VAVC_CEV_1DeltaT_US,14.620,
996,1470113,1493091013,161_VAVC_CEV_1T2_US,57.877,
997,1470114,1493091014,161_VAVC_CEV_1AbsPower_US1,672.699,
998,1470115,1493091014,161_VAVC_CEV_1E_Cooling_US1,1323338.250,
999,1470116,1493091014,161_VAVC_CEV_1E_Heating_US1,596.474,
1000,1470117,1493091014,161_VAVC_CEV_1RelPower,17.284,
1001,1470118,1493091014,161_VAVC_CEV_2RelPos,34.520,
1002,1470119,1493091015,161_VAVC_CEV_2RelFlow,13.059,
1003,1470120,1493091015,161_VAVC_CEV_2AbsFlow_US,93.144,
1005,1470121,1493091016,161_VAVC_CEV_2DeltaT_US,14.828,
1006,1470122,1493091016,161_VAVC_CEV_2T2_US,57.974,
1007,1470123,1493091017,161_VAVC_CEV_2AbsPower_US1,701.968,
1008,1470124,1493091017,161_VAVC_CEV_2E_Cooling_US1,1377508.375,
1009,1470125,1493091017,161_VAVC_CEV_2E_Heating_US1,194.996,
1010,1470126,1493091018,161_VAVC_CEV_2RelPower,18.041,
1011,1470127,1493091018,161_VAVW_CEV_RelPos,17.900,
1012,1470128,1493091018,161_VAVW_CEV_RelFlow,3.495,
1013,1470129,1493091018,161_VAVW_CEV_AbsFlow_US,11.078,
1014,1470130,1493091018,161_VAVW_CEV_T1_US,43.912,
1015,1470131,1493091019,161_VAVW_CEV_DeltaT_US,16.251,
1016,1470132,1493091019,161_VAVW_CEV_T2_US,60.163,
1017,1470133,1493091019,161_VAVW_CEV_AbsPower_US1,90.215,
1018,1470134,1493091019,161_VAVW_CEV_E_Cooling_US1,251631.313,
1019,1470135,1493091019,161_VAVW_CEV_E_Heating_US1,0.000,
1020,1470136,1493091019,161_VAVW_CEV_RelPower,5.180,
1021,1470137,1493091020,161_MAUE_CEV_RelPos,0.000,
1022,1470138,1493091020,161_MAUE_CEV_RelFlow,0.000,
1023,1470139,1493091020,161_MAUE_CEV_AbsFlow_US,0.000,
1024,1470140,1493091020,161_MAUE_CEV_T1_US,81.198,
1025,1470141,1493091020,161_MAUE_CEV_DeltaT_US,7.378,
1026,1470142,1493091020,161_MAUE_CEV_T2_US,73.816,
1027,1470143,1493091021,161_MAUE_CEV_AbsPower_US1,0.000,
1028,1470144,1493091021,161_MAUE_CEV_E_Cooling_US1,1201.263,
1029,1470145,1493091021,161_MAUE_CEV_E_Heating_US1,10.289,
1030,1470146,1493091021,161_MAUE_CEV_RelPower,0.000,
1031,1470147,1493091022,161_MAUW_CEV_RelPos,0.300,
1032,1470148,1493091022,161_MAUW_CEV_RelFlow,67.645,
1033,1470149,1493091022,161_MAUW_CEV_AbsFlow_US,346.340,
1034,1470150,1493091022,161_MAUW_CEV_T1_US,80.684,
1035,1470151,1493091022,161_MAUW_CEV_DeltaT_US,1.850,
1036,1470152,1493091023,161_MAUW_CEV_T2_US,82.533,
1037,1470153,1493091023,161_MAUW_CEV_AbsPower_US1,318.431,
1038,1470154,1493091023,161_MAUW_CEV_E_Cooling_US1,635139.750,
1039,1470155,1493091023,161_MAUW_CEV_E_Heating_US1,126191.813,
1040,1470156,1493091023,161_MAUW_CEV_RelPower,8.179,
1041,1470157,1493091023,085_MZU1_CEV_RelPos,17.310,
1042,1470158,1493091024,085_MZU1_CEV_RelFlow,3.495,
1043,1470159,1493091024,085_MZU1_CEV_AbsFlow_US,11.078,
1044,1470160,1493091024,085_MZU1_CEV_T1_US,43.474,
1045,1470161,1493091024,085_MZU1_CEV_DeltaT_US,19.148,
1047,1470162,1493091027,085_MZU1_CEV_AbsPower_US1,106.690,
1048,1470163,1493091029,085_MZU1_CEV_E_Cooling_US1,301544.000,
1049,1470164,1493091030,085_MZU1_CEV_E_Heating_US1,63.618,
1050,1470165,1493091030,085_MZU1_CEV_RelPower,6.140,
1051,1470166,1493091031,085_MZU2_CEV_RelPos,26.450,
1052,1470167,1493091031,085_MZU2_CEV_RelFlow,5.824,
1053,1470168,1493091031,085_MZU2_CEV_AbsFlow_US,18.464,
1054,1470169,1493091031,085_MZU2_CEV_T1_US,43.589,
1055,1470170,1493091031,085_MZU2_CEV_DeltaT_US,15.883,
1056,1470171,1493091032,085_MZU2_CEV_T2_US,59.467,
1057,1470172,1493091032,085_MZU2_CEV_AbsPower_US1,146.932,
1058,1470173,1493091032,085_MZU2_CEV_E_Cooling_US1,244320.859,
1059,1470174,1493091032,085_MZU2_CEV_E_Heating_US1,175.480,
1060,1470175,1493091032,085_MZU2_CEV_RelPower,8.433,
1061,1470176,1493091033,085_AHU1R_CEV_RelPos,42.460,
1062,1470177,1493091034,085_AHU1R_CEV_RelFlow,22.233,
1063,1470178,1493091034,085_AHU1R_CEV_AbsFlow_US,11.502,
1064,1470179,1493091034,085_AHU1R_CEV_T1_US,45.913,
1065,1470180,1493091034,085_AHU1R_CEV_DeltaT_US,23.386,
1066,1470181,1493091034,085_AHU1R_CEV_T2_US,69.299,
1067,1470182,1493091035,085_AHU1R_CEV_AbsPower_US1,133.976,
1068,1470183,1493091035,085_AHU1R_CEV_E_Cooling_US1,194959.672,
1069,1470184,1493091035,085_AHU1R_CEV_E_Heating_US1,1051.814,
1070,1470185,1493091036,085_AHU1R_CEV_RelPower,32.048,
1081,1470186,1493091066,120_AHU103C_CEV_RelPos,20.600,
1082,1470187,1493091067,120_AHU103C_CEV_RelFlow,6.451,
1083,1470188,1493091067,120_AHU103C_CEV_AbsFlow_US,3.088,
1084,1470189,1493091067,120_AHU103C_CEV_T1_US,48.830,
1085,1470190,1493091067,120_AHU103C_CEV_DeltaT_US,16.739,
1086,1470191,1493091068,120_AHU103C_CEV_T2_US,65.573,
1087,1470192,1493091068,120_AHU103C_CEV_AbsPower_US1,26.051,
1088,1470193,1493091069,120_AHU103C_CEV_E_Cooling_US1,3652.045,
1089,1470194,1493091070,120_AHU103C_CEV_E_Heating_US1,97.292,
1090,1470195,1493091071,120_AHU103C_CEV_RelPower,6.200,
1092,1470196,1493091076,120_AHU107_CEV_RelFlow,0.000,
1093,1470197,1493091078,120_AHU107_CEV_AbsFlow_US,0.000,
1094,1470198,1493091079,120_AHU107_CEV_T1_US,72.172,
1095,1470199,1493091080,120_AHU107_CEV_DeltaT_US,0.313,
1096,1470200,1493091080,120_AHU107_CEV_T2_US,72.486,
1097,1470201,1493091081,120_AHU107_CEV_AbsPower_US1,0.000,
1098,1470202,1493091082,120_AHU107_CEV_E_Cooling_US1,0.000,
1099,1470203,1493091083,120_AHU107_CEV_E_Heating_US1,0.288,
1100,1470204,1493091084,120_AHU107_CEV_RelPower,0.000,
1101,1470205,1493091085,116_AHU114_CEV_RelPos,0.000,
1102,1470206,1493091085,116_AHU114_CEV_RelFlow,0.000,
1103,1470207,1493091085,116_AHU114_CEV_AbsFlow_US,0.000,
1104,1470208,1493091085,116_AHU114_CEV_T1_US,75.174,
1105,1470209,1493091086,116_AHU114_CEV_DeltaT_US,1.139,
1106,1470210,1493091086,116_AHU114_CEV_T2_US,76.308,
1107,1470211,1493091086,116_AHU114_CEV_AbsPower_US1,0.000,
1108,1470212,1493091086,116_AHU114_CEV_E_Cooling_US1,61296.723,
1109,1470213,1493091087,116_AHU114_CEV_E_Heating_US1,1.042,
1110,1470214,1493091088,116_AHU114_CEV_RelPower,0.000,
1111,1470215,1493091090,116_AHU218_CEV_RelPos,0.000,
1112,1470216,1493091092,116_AHU218_CEV_RelFlow,0.000,
1113,1470217,1493091092,116_AHU218_CEV_AbsFlow_US,0.000,
1114,1470218,1493091092,116_AHU218_CEV_T1_US,75.174,
1115,1470219,1493091093,116_AHU218_CEV_DeltaT_US,1.144,
1116,1470220,1493091093,116_AHU218_CEV_T2_US,76.318,
1117,1470221,1493091093,116_AHU218_CEV_AbsPower_US1,0.000,
1118,1470222,1493091093,116_AHU218_CEV_E_Cooling_US1,61296.723,
1119,1470223,1493091099,116_AHU218_CEV_E_Heating_US1,1.042,
1120,1470224,1493091099,116_AHU218_CEV_RelPower,0.000,
81,1470225,1493091123,027_BC1_CEV_RelPos,84.280,
82,1470226,1493091123,027_BC1_CEV_RelFlow,72.605,
83,1470227,1493091123,027_BC1_CEV_AbsFlow_US,10.576,
84,1470228,1493091123,027_BC1_CEV_T1_US,43.457,
85,1470229,1493091123,027_BC1_CEV_DeltaT_US,3.921,
86,1470230,1493091124,027_BC1_CEV_T2_US,47.378,
87,1470231,1493091124,027_BC1_CEV_AbsPower_US1,20.802,
88,1470232,1493091124,027_BC1_CEV_E_Cooling_US1,58482.074,
89,1470233,1493091124,027_BC1_CEV_E_Heating_US1,0.402,
92,1470234,1493091125,027_AHU1W_CEV_RelFlow,0.000,
93,1470235,1493091126,027_AHU1W_CEV_AbsFlow_US,0.000,
94,1470236,1493091126,027_AHU1W_CEV_T1_US,71.041,
95,1470237,1493091126,027_AHU1W_CEV_DeltaT_US,2.150,
96,1470238,1493091126,027_AHU1W_CEV_T2_US,73.191,
97,1470239,1493091126,027_AHU1W_CEV_AbsPower_US1,0.000,
98,1470240,1493091127,027_AHU1W_CEV_E_Cooling_US1,21216.904,
99,1470241,1493091127,027_AHU1W_CEV_E_Heating_US1,0.356,
100,1470242,1493091127,027_AHU1W_CEV_RelPower,0.000,
101,1470243,1493091127,027_BC2_CEV_RelPos,100.000,
102,1470244,1493091127,027_BC2_CEV_RelFlow,52.784,
103,1470245,1493091127,027_BC2_CEV_AbsFlow_US,9.568,
104,1470246,1493091128,027_BC2_CEV_T1_US,43.762,
105,1470247,1493091128,027_BC2_CEV_DeltaT_US,6.113,
106,1470248,1493091128,027_BC2_CEV_T2_US,49.880,
107,1470249,1493091128,027_BC2_CEV_AbsPower_US1,29.398,
108,1470250,1493091128,027_BC2_CEV_E_Cooling_US1,166355.719,
109,1470251,1493091128,027_BC2_CEV_E_Heating_US1,10.563,
110,1470252,1493091129,027_BC2_CEV_RelPower,28.889,
111,1470253,1493091129,027_AHU2E_CEV_RelPos,26.970,
112,1470254,1493091129,027_AHU2E_CEV_RelFlow,13.665,
113,1470255,1493091129,027_AHU2E_CEV_AbsFlow_US,1.569,
114,1470256,1493091129,027_AHU2E_CEV_T1_US,44.666,
115,1470257,1493091130,027_AHU2E_CEV_DeltaT_US,14.528,
116,1470258,1493091130,027_AHU2E_CEV_T2_US,59.199,
117,1470259,1493091130,027_AHU2E_CEV_AbsPower_US1,11.404,
118,1470260,1493091130,027_AHU2E_CEV_E_Cooling_US1,70286.219,
119,1470261,1493091132,027_AHU2E_CEV_E_Heating_US1,21.885,
21,1470262,1493091137,001_AHU106_CEV_RelPos,22.190,
122,1470263,1493091137,027_AHU3_CEV_RelFlow,0.000,
123,1470264,1493091137,027_AHU3_CEV_AbsFlow_US,0.000,
124,1470265,1493091138,027_AHU3_CEV_T1_US,56.468,
125,1470266,1493091138,027_AHU3_CEV_DeltaT_US,6.094,
126,1470267,1493091138,027_AHU3_CEV_T2_US,62.567,
127,1470268,1493091138,027_AHU3_CEV_AbsPower_US1,0.000,
128,1470269,1493091138,027_AHU3_CEV_E_Cooling_US1,86725.180,
129,1470270,1493091138,027_AHU3_CEV_E_Heating_US1,4.602,
130,1470271,1493091139,027_AHU3_CEV_RelPower,0.000,
131,1470272,1493091139,027_AHU4_CEV_RelPos,32.890,
132,1470273,1493091139,027_AHU4_CEV_RelFlow,19.817,
133,1470274,1493091139,027_AHU4_CEV_AbsFlow_US,2.449,
134,1470275,1493091139,027_AHU4_CEV_T1_US,43.845,
135,1470276,1493091140,027_AHU4_CEV_DeltaT_US,10.013,
136,1470277,1493091140,027_AHU4_CEV_T2_US,53.858,
137,1470278,1493091140,027_AHU4_CEV_AbsPower_US1,12.290,
138,1470279,1493091140,027_AHU4_CEV_E_Cooling_US1,76849.141,
139,1470280,1493091140,027_AHU4_CEV_E_Heating_US1,4.388,
140,1470281,1493091141,027_AHU4_CEV_RelPower,12.009,
141,1470282,1493091141,027_AHu1_CEV_RelPos,17.400,
142,1470283,1493091141,027_AHu1_CEV_RelFlow,1.351,
143,1470284,1493091141,027_AHu1_CEV_AbsFlow_US,0.135,
144,1470285,1493091141,027_AHu1_CEV_T1_US,44.731,
145,1470286,1493091141,027_AHu1_CEV_DeltaT_US,30.654,
146,1470287,1493091142,027_AHu1_CEV_T2_US,75.380,
147,1470288,1493091142,027_AHu1_CEV_AbsPower_US1,2.063,
148,1470289,1493091142,027_AHu1_CEV_E_Cooling_US1,49646.305,
149,1470290,1493091142,027_AHu1_CEV_E_Heating_US1,0.187,
150,1470291,1493091142,027_AHu1_CEV_RelPower,3.376,
151,1470292,1493091142,027_AHu2_CEV_RelPos,15.410,
152,1470293,1493091143,027_AHu2_CEV_RelFlow,1.852,
153,1470294,1493091143,027_AHu2_CEV_AbsFlow_US,0.232,
154,1470295,1493091143,027_AHu2_CEV_T1_US,44.330,
155,1470296,1493091143,027_AHu2_CEV_DeltaT_US,29.854,
156,1470297,1493091143,027_AHu2_CEV_T2_US,74.184,
157,1470298,1493091143,027_AHu2_CEV_AbsPower_US1,3.460,
158,1470299,1493091143,027_AHu2_CEV_E_Cooling_US1,71575.781,
159,1470300,1493091144,027_AHu2_CEV_E_Heating_US1,1.741,
160,1470301,1493091144,027_AHu2_CEV_RelPower,3.339,
161,1470302,1493091144,091_AHU101_CEV_RelPos,0.000,
162,1470303,1493091144,091_AHU101_CEV_RelFlow,0.000,
163,1470304,1493091144,091_AHU101_CEV_AbsFlow_US,0.000,
164,1470305,1493091145,091_AHU101_CEV_T1_US,43.658,
165,1470306,1493091145,091_AHU101_CEV_DeltaT_US,9.645,
166,1470307,1493091145,091_AHU101_CEV_T2_US,53.303,
167,1470308,1493091145,091_AHU101_CEV_AbsPower_US1,0.000,
168,1470309,1493091145,091_AHU101_CEV_E_Cooling_US1,251257.125,
169,1470310,1493091146,091_AHU101_CEV_E_Heating_US1,29.082,
170,1470311,1493091146,091_AHU101_CEV_RelPower,0.000,
171,1470312,1493091146,091_AHU102_CEV_RelPos,0.000,
172,1470313,1493091146,091_AHU102_CEV_RelFlow,0.000,
179,1470314,1493091156,091_AHU102_CEV_E_Heating_US1,15.682,
180,1470315,1493091156,091_AHU102_CEV_RelPower,0.000,
181,1470316,1493091156,091_AHU103_CEV_RelPos,17.730,
182,1470317,1493091156,091_AHU103_CEV_RelFlow,0.584,
183,1470318,1493091156,091_AHU103_CEV_AbsFlow_US,0.337,
184,1470319,1493091157,091_AHU103_CEV_T1_US,44.126,
185,1470320,1493091157,091_AHU103_CEV_DeltaT_US,20.435,
186,1470321,1493091157,091_AHU103_CEV_T2_US,64.562,
187,1470322,1493091157,091_AHU103_CEV_AbsPower_US1,4.203,
188,1470323,1493091157,091_AHU103_CEV_E_Cooling_US1,100832.273,
189,1470324,1493091158,091_AHU103_CEV_E_Heating_US1,5.725,
190,1470325,1493091158,091_AHU103_CEV_RelPower,2.400,
191,1470326,1493091158,091_AHU01_CEV_1RelPos,27.350,
192,1470327,1493091159,091_AHU01_CEV_1RelFlow,5.589,
193,1470328,1493091159,091_AHU01_CEV_1AbsFlow_US,26.852,
194,1470329,1493091159,091_AHU01_CEV_1T1_US,43.954,
195,1470330,1493091159,091_AHU01_CEV_1DeltaT_US,17.128,
196,1470331,1493091159,091_AHU01_CEV_1T2_US,61.077,
197,1470332,1493091160,091_AHU01_CEV_1AbsPower_US1,230.363,
198,1470333,1493091160,091_AHU01_CEV_1E_Cooling_US1,4006733.750,
199,1470334,1493091160,091_AHU01_CEV_1E_Heating_US1,2762.525,
200,1470335,1493091160,091_AHU01_CEV_1RelPower,8.327,
201,1470336,1493091160,091_AHU01_CEV_2RelPos,27.720,
202,1470337,1493091161,091_AHU01_CEV_2RelFlow,5.788,
203,1470338,1493091161,091_AHU01_CEV_2AbsFlow_US,27.811,
22,1470339,1493091161,001_AHU106_CEV_RelFlow,6.403,
23,1470340,1493091162,001_AHU106_CEV_AbsFlow_US,2.550,
204,1470341,1493091162,091_AHU01_CEV_2T1_US,44.360,
205,1470342,1493091162,091_AHU01_CEV_2DeltaT_US,15.678,
206,1470343,1493091162,091_AHU01_CEV_2T2_US,60.029,
207,1470344,1493091163,091_AHU01_CEV_2AbsPower_US1,218.485,
208,1470345,1493091163,091_AHU01_CEV_2E_Cooling_US1,1101770.750,
209,1470346,1493091163,091_AHU01_CEV_2E_Heating_US1,233.098,
210,1470347,1493091163,091_AHU01_CEV_2RelPower,7.628,
211,1470348,1493091164,091_AHU319_CEV_RelPos,0.000,
212,1470349,1493091164,091_AHU319_CEV_RelFlow,0.000,
213,1470350,1493091164,091_AHU319_CEV_AbsFlow_US,0.000,
214,1470351,1493091164,091_AHU319_CEV_T1_US,70.447,
215,1470352,1493091164,091_AHU319_CEV_DeltaT_US,1.315,
216,1470353,1493091164,091_AHU319_CEV_T2_US,71.762,
217,1470354,1493091165,091_AHU319_CEV_AbsPower_US1,0.000,
218,1470355,1493091165,091_AHU319_CEV_E_Cooling_US1,811.358,
219,1470356,1493091165,091_AHU319_CEV_E_Heating_US1,2.246,
220,1470357,1493091165,091_AHU319_CEV_RelPower,0.000,
221,1470358,1493091165,091_AHU504_CEV_RelPos,16.960,
222,1470359,1493091165,091_AHU504_CEV_RelFlow,1.827,
223,1470360,1493091166,091_AHU504_CEV_AbsFlow_US,0.595,
224,1470361,1493091166,091_AHU504_CEV_T1_US,44.210,
225,1470362,1493091166,091_AHU504_CEV_DeltaT_US,24.542,
226,1470363,1493091167,091_AHU504_CEV_T2_US,68.751,
227,1470364,1493091167,091_AHU504_CEV_AbsPower_US1,7.753,
228,1470365,1493091167,091_AHU504_CEV_E_Cooling_US1,37803.242,
229,1470366,1493091167,091_AHU504_CEV_E_Heating_US1,0.194,
230,1470367,1493091167,091_AHU504_CEV_RelPower,3.524,
24,1470368,1493091208,001_AHU106_CEV_T1_US,44.440,
25,1470369,1493091220,001_AHU106_CEV_DeltaT_US,15.469,
1,1470370,1493091241,136A_Ahu1_CEV__RelPos,0.000,
26,1470371,1493091253,001_AHU106_CEV_T2_US,60.493,
27,1470372,1493091253,001_AHU106_CEV_AbsPower_US1,11.638,
271,1470373,1493091289,165_MAU1_CEV_1RelPos,0.000,
272,1470374,1493091289,165_MAU1_CEV_1RelFlow,0.000,
273,1470375,1493091289,165_MAU1_CEV_1AbsFlow_US,0.000,
28,1470376,1493091296,001_AHU106_CEV_E_Cooling_US1,236600.359,
279,1470377,1493091299,165_MAU1_CEV_1E_Heating_US1,1064.822,
280,1470378,1493091299,165_MAU1_CEV_1RelPower,0.000,
281,1470379,1493091299,165_MAU1_CEV_2RelPos,0.000,
282,1470380,1493091299,165_MAU1_CEV_2RelFlow,0.000,
283,1470381,1493091299,165_MAU1_CEV_2AbsFlow_US,0.000,
29,1470382,1493091300,001_AHU106_CEV_E_Heating_US1,207.230,
284,1470383,1493091300,165_MAU1_CEV_2T1_US,89.215,
30,1470384,1493091300,001_AHU106_CEV_RelPower,3.077,
285,1470385,1493091301,165_MAU1_CEV_2DeltaT_US,11.038,
286,1470386,1493091301,165_MAU1_CEV_2T2_US,78.177,
287,1470387,1493091301,165_MAU1_CEV_2AbsPower_US1,0.000,
288,1470388,1493091301,165_MAU1_CEV_2E_Cooling_US1,3411292.250,
289,1470389,1493091301,165_MAU1_CEV_2E_Heating_US1,5553.084,
31,1470390,1493091301,001_AHU118_CEV_RelPos,29.710,
290,1470391,1493091301,165_MAU1_CEV_2RelPower,0.000,
291,1470392,1493091302,165_AHU1_CEV_RelPos,0.000,
292,1470393,1493091302,165_AHU1_CEV_RelFlow,0.000,
293,1470394,1493091302,165_AHU1_CEV_AbsFlow_US,0.000,
2,1470395,1493091302,136A_Ahu1_CEV_RelFlow,0.000,
294,1470396,1493091302,165_AHU1_CEV_T1_US,74.965,
295,1470397,1493091303,165_AHU1_CEV_DeltaT_US,1.301,
296,1470398,1493091303,165_AHU1_CEV_T2_US,76.267,
297,1470399,1493091303,165_AHU1_CEV_AbsPower_US1,0.000,
298,1470400,1493091304,165_AHU1_CEV_E_Cooling_US1,268.918,
299,1470401,1493091304,165_AHU1_CEV_E_Heating_US1,0.007,
300,1470402,1493091304,165_AHU1_CEV_RelPower,0.000,
301,1470403,1493091304,165_AHU2_CEV_RelPos,14.960,
302,1470404,1493091304,165_AHU2_CEV_RelFlow,1.770,
303,1470405,1493091305,165_AHU2_CEV_AbsFlow_US,0.211,
304,1470406,1493091305,165_AHU2_CEV_T1_US,44.902,
305,1470407,1493091305,165_AHU2_CEV_DeltaT_US,21.854,
32,1470408,1493091305,001_AHU118_CEV_RelFlow,9.397,
306,1470409,1493091306,165_AHU2_CEV_T2_US,66.766,
307,1470410,1493091306,165_AHU2_CEV_AbsPower_US1,2.283,
308,1470411,1493091306,165_AHU2_CEV_E_Cooling_US1,16945.688,
309,1470412,1493091306,165_AHU2_CEV_E_Heating_US1,0.573,
310,1470413,1493091307,165_AHU2_CEV_RelPower,2.240,
33,1470414,1493091316,001_AHU118_CEV_AbsFlow_US,2.832,
321,1470415,1493091337,003_AHU2_CEV_RelPos,30.240,
322,1470416,1493091337,003_AHU2_CEV_RelFlow,17.689,
323,1470417,1493091337,003_AHU2_CEV_AbsFlow_US,2.515,
324,1470418,1493091337,003_AHU2_CEV_T1_US,46.314,
3,1470419,1493091338,136A_Ahu1_CEV_AbsFlow_US,44.604,
330,1470420,1493091342,003_AHU2_CEV_RelPower,19.684,
331,1470421,1493091342,168_AHU1_CEV_RelPos,19.290,
332,1470422,1493091342,168_AHU1_CEV_RelFlow,4.323,
333,1470423,1493091343,168_AHU1_CEV_AbsFlow_US,5.482,
334,1470424,1493091343,168_AHU1_CEV_T1_US,44.452,
335,1470425,1493091343,168_AHU1_CEV_DeltaT_US,22.721,
336,1470426,1493091343,168_AHU1_CEV_T2_US,67.173,
337,1470427,1493091343,168_AHU1_CEV_AbsPower_US1,59.497,
338,1470428,1493091343,168_AHU1_CEV_E_Cooling_US1,101419.797,
339,1470429,1493091343,168_AHU1_CEV_E_Heating_US1,13.297,
34,1470430,1493091344,001_AHU118_CEV_T1_US,44.330,
340,1470431,1493091344,168_AHU1_CEV_RelPower,8.298,
341,1470432,1493091344,168_AHU2_CEV_RelPos,20.890,
342,1470433,1493091344,168_AHU2_CEV_RelFlow,5.895,
343,1470434,1493091344,168_AHU2_CEV_AbsFlow_US,7.475,
344,1470435,1493091344,168_AHU2_CEV_T1_US,44.023,
345,1470436,1493091344,168_AHU2_CEV_DeltaT_US,19.735,
346,1470437,1493091345,168_AHU2_CEV_T2_US,63.758,
347,1470438,1493091345,168_AHU2_CEV_AbsPower_US1,73.879,
348,1470439,1493091345,168_AHU2_CEV_E_Cooling_US1,112645.938,
35,1470440,1493091348,001_AHU118_CEV_DeltaT_US,20.627,
350,1470441,1493091348,168_AHU2_CEV_RelPower,10.320,
351,1470442,1493091348,168_MAU1_CEV_RelPos,0.150,
352,1470443,1493091348,168_MAU1_CEV_RelFlow,0.000,
353,1470444,1493091348,168_MAU1_CEV_AbsFlow_US,0.000,
354,1470445,1493091348,168_MAU1_CEV_T1_US,73.750,
355,1470446,1493091348,168_MAU1_CEV_DeltaT_US,0.234,
356,1470447,1493091349,168_MAU1_CEV_T2_US,73.520,
357,1470448,1493091349,168_MAU1_CEV_AbsPower_US1,0.000,
358,1470449,1493091349,168_MAU1_CEV_E_Cooling_US1,4.537,
359,1470450,1493091349,168_MAU1_CEV_E_Heating_US1,1.746,
360,1470451,1493091350,168_MAU1_CEV_RelPower,0.000,
361,1470452,1493091350,168_AHU3_CEV_RelPos,0.000,
362,1470453,1493091351,168_AHU3_CEV_RelFlow,0.000,
363,1470454,1493091352,168_AHU3_CEV_AbsFlow_US,0.000,
364,1470455,1493091353,168_AHU3_CEV_T1_US,63.808,
365,1470456,1493091354,168_AHU3_CEV_DeltaT_US,7.430,
368,1470457,1493091355,168_AHU3_CEV_E_Cooling_US1,342.372,
369,1470458,1493091355,168_AHU3_CEV_E_Heating_US1,0.104,
370,1470459,1493091356,168_AHU3_CEV_RelPower,0.000,
371,1470460,1493091356,168_AHU4_CEV_RelPos,0.150,
372,1470461,1493091356,168_AHU4_CEV_RelFlow,0.000,
373,1470462,1493091356,168_AHU4_CEV_AbsFlow_US,0.000,
374,1470463,1493091356,168_AHU4_CEV_T1_US,48.663,
375,1470464,1493091356,168_AHU4_CEV_DeltaT_US,18.418,
376,1470465,1493091357,168_AHU4_CEV_T2_US,67.081,
4,1470466,1493091357,136A_Ahu1_CEV_T1_US,43.132,
5,1470467,1493091357,136A_Ahu1_CEV_DeltaT_US,16.929,
377,1470468,1493091357,168_AHU4_CEV_AbsPower_US1,0.000,
378,1470469,1493091357,168_AHU4_CEV_E_Cooling_US1,39584.332,
379,1470470,1493091357,168_AHU4_CEV_E_Heating_US1,0.128,
380,1470471,1493091358,168_AHU4_CEV_RelPower,0.000,
381,1470472,1493091358,153D_AHU1_CEV_RelPos,49.410,
6,1470473,1493091358,136A_Ahu1_CEV_T2_US,60.033,
36,1470474,1493091358,001_AHU118_CEV_T2_US,65.012,
382,1470475,1493091359,153D_AHU1_CEV_RelFlow,19.644,
383,1470476,1493091359,153D_AHU1_CEV_AbsFlow_US,11.209,
384,1470477,1493091359,153D_AHU1_CEV_T1_US,44.477,
385,1470478,1493091359,153D_AHU1_CEV_DeltaT_US,13.156,
386,1470479,1493091359,153D_AHU1_CEV_T2_US,57.629,
388,1470480,1493091359,153D_AHU1_CEV_E_Cooling_US1,225172.563,
389,1470481,1493091360,153D_AHU1_CEV_E_Heating_US1,5724.011,
7,1470482,1493091360,136A_Ahu1_CEV_AbsPower_US1,849.289,
37,1470483,1493091361,001_AHU118_CEV_AbsPower_US1,29.029,
390,1470484,1493091361,153D_AHU1_CEV_RelPower,17.695,
391,1470485,1493091361,153D_AHU3_CEV_RelPos,54.490,
8,1470486,1493091361,136A_Ahu1_CEV_E_Cooling_US1,6264396.500,
392,1470487,1493091361,153D_AHU3_CEV_RelFlow,15.865,
393,1470488,1493091361,153D_AHU3_CEV_AbsFlow_US,14.434,
394,1470489,1493091362,153D_AHU3_CEV_T1_US,44.343,
395,1470490,1493091362,153D_AHU3_CEV_DeltaT_US,15.570,
396,1470491,1493091362,153D_AHU3_CEV_T2_US,59.913,
397,1470492,1493091362,153D_AHU3_CEV_AbsPower_US1,113.460,
398,1470493,1493091362,153D_AHU3_CEV_E_Cooling_US1,605407.938,
399,1470494,1493091362,153D_AHU3_CEV_E_Heating_US1,3.015,
400,1470495,1493091363,153D_AHU3_CEV_RelPower,20.941,
38,1470496,1493091363,001_AHU118_CEV_E_Cooling_US1,620055.188,
401,1470497,1493091364,153D_AHU2_CEV_RelPos,31.560,
402,1470498,1493091364,153D_AHU2_CEV_RelFlow,7.467,
403,1470499,1493091364,153D_AHU2_CEV_AbsFlow_US,9.469,
404,1470500,1493091365,153D_AHU2_CEV_T1_US,44.378,
405,1470501,1493091365,153D_AHU2_CEV_DeltaT_US,13.457,
406,1470502,1493091365,153D_AHU2_CEV_T2_US,57.831,
407,1470503,1493091365,153D_AHU2_CEV_AbsPower_US1,63.856,
408,1470504,1493091365,153D_AHU2_CEV_E_Cooling_US1,243480.781,
39,1470505,1493091366,001_AHU118_CEV_E_Heating_US1,672.630,
409,1470506,1493091366,153D_AHU2_CEV_E_Heating_US1,1751.859,
410,1470507,1493091366,153D_AHU2_CEV_RelPower,8.907,
9,1470508,1493091366,136A_Ahu1_CEV_E_Heating_US1,206.046,
40,1470509,1493091369,001_AHU118_CEV_RelPower,13.621,
41,1470510,1493091375,001_OAU_CEV_RelPos,70.730,
42,1470511,1493091381,001_OAU_CEV_RelFlow,88.547,
10,1470512,1493091384,136A_Ahu1_CEV_RelPower,31.705,
43,1470513,1493091390,001_OAU_CEV_AbsFlow_US,37.476,
421,1470514,1493091396,153R_AHU1_CEV_RelPos,25.700,
422,1470515,1493091396,153R_AHU1_CEV_RelFlow,9.292,
423,1470516,1493091396,153R_AHU1_CEV_AbsFlow_US,6.467,
424,1470517,1493091396,153R_AHU1_CEV_T1_US,44.680,
425,1470518,1493091396,153R_AHU1_CEV_DeltaT_US,20.267,
44,1470519,1493091396,001_OAU_CEV_T1_US,44.362,
45,1470520,1493091397,001_OAU_CEV_DeltaT_US,0.916,
426,1470521,1493091397,153R_AHU1_CEV_T2_US,64.947,
427,1470522,1493091397,153R_AHU1_CEV_AbsPower_US1,65.416,
428,1470523,1493091397,153R_AHU1_CEV_E_Cooling_US1,83027.766,
429,1470524,1493091397,153R_AHU1_CEV_E_Heating_US1,171.224,
46,1470525,1493091397,001_OAU_CEV_T2_US,45.227,
47,1470526,1493091398,001_OAU_CEV_AbsPower_US1,16.646,
48,1470527,1493091398,001_OAU_CEV_E_Cooling_US1,207797.078,
430,1470528,1493091398,153R_AHU1_CEV_RelPower,15.626,
431,1470529,1493091398,153R_AHU2_CEV_RelPos,18.960,
432,1470530,1493091399,153R_AHU2_CEV_RelFlow,4.821,
49,1470531,1493091399,001_OAU_CEV_E_Heating_US1,8.109,
51,1470532,1493091399,009_AHU2_CEV_RelPos,62.268,
433,1470533,1493091399,153R_AHU2_CEV_AbsFlow_US,1.043,
434,1470534,1493091400,153R_AHU2_CEV_T1_US,46.213,
435,1470535,1493091400,153R_AHU2_CEV_DeltaT_US,27.020,
436,1470536,1493091401,153R_AHU2_CEV_T2_US,73.233,
61,1470537,1493091401,009_AHU1R_CEV_RelPos,100.000,
437,1470538,1493091401,153R_AHU2_CEV_AbsPower_US1,14.066,
438,1470539,1493091401,153R_AHU2_CEV_E_Cooling_US1,66849.344,
439,1470540,1493091401,153R_AHU2_CEV_E_Heating_US1,11.194,
62,1470541,1493091401,009_AHU1R_CEV_RelFlow,0.000,
63,1470542,1493091402,009_AHU1R_CEV_AbsFlow_US,0.000,
440,1470543,1493091402,153R_AHU2_CEV_RelPower,8.565,
441,1470544,1493091405,153R_CVAV_CEV_RelPos,22.390,
442,1470545,1493091405,153R_CVAV_CEV_RelFlow,11.616,
443,1470546,1493091405,153R_CVAV_CEV_AbsFlow_US,54.662,
444,1470547,1493091406,153R_CVAV_CEV_T1_US,44.014,
445,1470548,1493091406,153R_CVAV_CEV_DeltaT_US,17.601,
65,1470549,1493091406,009_AHU1R_CEV_DeltaT_US,2.262,
66,1470550,1493091406,009_AHU1R_CEV_T2_US,75.821,
446,1470551,1493091406,153R_CVAV_CEV_T2_US,61.610,
447,1470552,1493091407,153R_CVAV_CEV_AbsPower_US1,481.871,
448,1470553,1493091407,153R_CVAV_CEV_E_Cooling_US1,934735.688,
449,1470554,1493091407,153R_CVAV_CEV_E_Heating_US1,2431.064,
11,1470555,1493091407,136A_Ahu1_CEV_RelPos,0.290,
67,1470556,1493091407,009_AHU1R_CEV_AbsPower_US1,0.000,
450,1470557,1493091408,153R_CVAV_CEV_RelPower,17.428,
451,1470558,1493091408,153F_AHU1_CEV_RelPos,28.060,
452,1470559,1493091408,153F_AHU1_CEV_RelFlow,9.083,
453,1470560,1493091408,153F_AHU1_CEV_AbsFlow_US,11.748,
68,1470561,1493091408,009_AHU1R_CEV_E_Cooling_US1,327567.094,
454,1470562,1493091408,153F_AHU1_CEV_T1_US,43.700,
455,1470563,1493091408,153F_AHU1_CEV_DeltaT_US,15.763,
456,1470564,1493091409,153F_AHU1_CEV_T2_US,59.458,
457,1470565,1493091409,153F_AHU1_CEV_AbsPower_US1,92.730,
458,1470566,1493091409,153F_AHU1_CEV_E_Cooling_US1,355434.156,
459,1470567,1493091409,153F_AHU1_CEV_E_Heating_US1,10.462,
460,1470568,1493091409,153F_AHU1_CEV_RelPower,9.051,
461,1470569,1493091409,153F_AHU2_CEV_RelPos,30.710,
462,1470570,1493091409,153F_AHU2_CEV_RelFlow,11.488,
463,1470571,1493091410,153F_AHU2_CEV_AbsFlow_US,9.469,
464,1470572,1493091410,153F_AHU2_CEV_T1_US,43.691,
465,1470573,1493091411,153F_AHU2_CEV_DeltaT_US,14.800,
69,1470574,1493091412,009_AHU1R_CEV_E_Heating_US1,3.011,
466,1470575,1493091414,153F_AHU2_CEV_T2_US,58.532,
467,1470576,1493091414,153F_AHU2_CEV_AbsPower_US1,72.390,
468,1470577,1493091414,153F_AHU2_CEV_E_Cooling_US1,305444.188,
469,1470578,1493091414,153F_AHU2_CEV_E_Heating_US1,21.333,
470,1470579,1493091414,153F_AHU2_CEV_RelPower,10.094,
471,1470580,1493091414,153F_AHU3_CEV_RelPos,45.450,
472,1470581,1493091415,153F_AHU3_CEV_RelFlow,16.114,
13,1470582,1493091415,136A_Ahu1_CEV_AbsFlow_US,0.000,
473,1470583,1493091415,153F_AHU3_CEV_AbsFlow_US,20.433,
474,1470584,1493091415,153F_AHU3_CEV_T1_US,43.875,
475,1470585,1493091415,153F_AHU3_CEV_DeltaT_US,15.119,
476,1470586,1493091415,153F_AHU3_CEV_T2_US,58.994,
477,1470587,1493091416,153F_AHU3_CEV_AbsPower_US1,154.836,
478,1470588,1493091416,153F_AHU3_CEV_E_Cooling_US1,368774.000,
479,1470589,1493091416,153F_AHU3_CEV_E_Heating_US1,10.445,
480,1470590,1493091416,153F_AHU3_CEV_RelPower,21.589,
481,1470591,1493091416,153F_AHU4_CEV_RelPos,42.860,
482,1470592,1493091416,153F_AHU4_CEV_RelFlow,14.738,
483,1470593,1493091416,153F_AHU4_CEV_AbsFlow_US,18.689,
484,1470594,1493091416,153F_AHU4_CEV_T1_US,43.594,
485,1470595,1493091417,153F_AHU4_CEV_DeltaT_US,15.017,
14,1470596,1493091417,136A_Ahu1_CEV_T1_US,43.455,
15,1470597,1493091417,136A_Ahu1_CEV_DeltaT_US,6.082,
486,1470598,1493091417,153F_AHU4_CEV_T2_US,58.606,
487,1470599,1493091417,153F_AHU4_CEV_AbsPower_US1,138.763,
488,1470600,1493091417,153F_AHU4_CEV_E_Cooling_US1,283250.719,
489,1470601,1493091418,153F_AHU4_CEV_E_Heating_US1,8.412,
490,1470602,1493091418,153F_AHU4_CEV_RelPower,19.598,
491,1470603,1493091418,153F_AHU5_CEV_RelPos,28.250,
492,1470604,1493091418,153F_AHU5_CEV_RelFlow,9.040,
493,1470605,1493091418,153F_AHU5_CEV_AbsFlow_US,11.462,
494,1470606,1493091418,153F_AHU5_CEV_T1_US,43.843,
495,1470607,1493091419,153F_AHU5_CEV_DeltaT_US,12.926,
496,1470608,1493091419,153F_AHU5_CEV_T2_US,56.765,
497,1470609,1493091419,153F_AHU5_CEV_AbsPower_US1,74.268,
498,1470610,1493091419,153F_AHU5_CEV_E_Cooling_US1,336280.969,
499,1470611,1493091419,153F_AHU5_CEV_E_Heating_US1,33.688,
500,1470612,1493091419,153F_AHU5_CEV_RelPower,10.344,
501,1470613,1493091420,153F_AHU6_CEV_RelPos,38.360,
502,1470614,1493091420,153F_AHU6_CEV_RelFlow,10.612,
503,1470615,1493091420,153F_AHU6_CEV_AbsFlow_US,13.456,
504,1470616,1493091420,153F_AHU6_CEV_T1_US,43.658,
505,1470617,1493091420,153F_AHU6_CEV_DeltaT_US,12.926,
506,1470618,1493091420,153F_AHU6_CEV_T2_US,56.585,
507,1470619,1493091421,153F_AHU6_CEV_AbsPower_US1,92.262,
16,1470620,1493091421,136A_Ahu1_CEV_T2_US,49.537,
508,1470621,1493091421,153F_AHU6_CEV_E_Cooling_US1,312554.625,
509,1470622,1493091421,153F_AHU6_CEV_E_Heating_US1,3.019,
510,1470623,1493091421,153F_AHU6_CEV_RelPower,12.864,
511,1470624,1493091422,022_AHU329_CEV_RelPos,100.000,
512,1470625,1493091422,022_AHU329_CEV_RelFlow,0.000,
513,1470626,1493091422,022_AHU329_CEV_AbsFlow_US,0.000,
514,1470627,1493091422,022_AHU329_CEV_T1_US,74.812,
515,1470628,1493091422,022_AHU329_CEV_DeltaT_US,3.927,
516,1470629,1493091422,022_AHU329_CEV_T2_US,78.739,
517,1470630,1493091423,022_AHU329_CEV_AbsPower_US1,0.000,
518,1470631,1493091423,022_AHU329_CEV_E_Cooling_US1,102228.172,
519,1470632,1493091423,022_AHU329_CEV_E_Heating_US1,4.444,
520,1470633,1493091423,022_AHU329_CEV_RelPower,0.000,
521,1470634,1493091423,022_BCU1_CEV_RelPos,0.000,
522,1470635,1493091424,022_BCU1_CEV_RelFlow,0.000,
524,1470636,1493091427,022_BCU1_CEV_T1_US,62.755,
17,1470637,1493091427,136A_Ahu1_CEV_AbsPower_US1,0.000,
525,1470638,1493091427,022_BCU1_CEV_DeltaT_US,10.431,
526,1470639,1493091427,022_BCU1_CEV_T2_US,73.195,
527,1470640,1493091427,022_BCU1_CEV_AbsPower_US1,0.000,
528,1470641,1493091427,022_BCU1_CEV_E_Cooling_US1,29911.947,
529,1470642,1493091428,022_BCU1_CEV_E_Heating_US1,79.699,
530,1470643,1493091428,022_BCU1_CEV_RelPower,0.000,
531,1470644,1493091428,022_BCU2_CEV_RelPos,25.590,
532,1470645,1493091428,022_BCU2_CEV_RelFlow,6.980,
533,1470646,1493091428,022_BCU2_CEV_AbsFlow_US,0.865,
534,1470647,1493091429,022_BCU2_CEV_T1_US,47.043,
536,1470648,1493091432,022_BCU2_CEV_T2_US,66.626,
537,1470649,1493091432,022_BCU2_CEV_AbsPower_US1,8.404,
538,1470650,1493091432,022_BCU2_CEV_E_Cooling_US1,64594.973,
539,1470651,1493091432,022_BCU2_CEV_E_Heating_US1,51.278,
540,1470652,1493091432,022_BCU2_CEV_RelPower,8.248,
18,1470653,1493091433,136A_Ahu1_CEV_E_Cooling_US1,4995219.000,
541,1470654,1493091433,108_RTU1_CEV_RelPos,20.900,
542,1470655,1493091433,108_RTU1_CEV_RelFlow,1.219,
543,1470656,1493091433,108_RTU1_CEV_AbsFlow_US,0.603,
544,1470657,1493091433,108_RTU1_CEV_T1_US,47.279,
545,1470658,1493091433,108_RTU1_CEV_DeltaT_US,20.169,
546,1470659,1493091433,108_RTU1_CEV_T2_US,67.438,
547,1470660,1493091434,108_RTU1_CEV_AbsPower_US1,6.103,
548,1470661,1493091434,108_RTU1_CEV_E_Cooling_US1,334100.844,
549,1470662,1493091434,108_RTU1_CEV_E_Heating_US1,21.297,
550,1470663,1493091434,108_RTU1_CEV_RelPower,1.453,
19,1470664,1493091434,136A_Ahu1_CEV_E_Heating_US1,19753.918,
551,1470665,1493091434,108_CHWSL1_CEV_RelPos,100.000,
552,1470666,1493091435,108_CHWSL1_CEV_RelFlow,6.575,
553,1470667,1493091435,108_CHWSL1_CEV_AbsFlow_US,2.614,
554,1470668,1493091435,108_CHWSL1_CEV_T1_US,45.710,
555,1470669,1493091436,108_CHWSL1_CEV_DeltaT_US,15.364,
556,1470670,1493091436,108_CHWSL1_CEV_T2_US,61.083,
557,1470671,1493091436,108_CHWSL1_CEV_AbsPower_US1,19.653,
558,1470672,1493091436,108_CHWSL1_CEV_E_Cooling_US1,178421.156,
559,1470673,1493091437,108_CHWSL1_CEV_E_Heating_US1,23.750,
560,1470674,1493091437,108_CHWSL1_CEV_RelPower,9.152,
561,1470675,1493091437,108_CHWSL2_CEV_RelPos,100.000,
562,1470676,1493091437,108_CHWSL2_CEV_RelFlow,5.667,
563,1470677,1493091437,108_CHWSL2_CEV_AbsFlow_US,2.802,
564,1470678,1493091437,108_CHWSL2_CEV_T1_US,45.183,
565,1470679,1493091438,108_CHWSL2_CEV_DeltaT_US,5.610,
566,1470680,1493091438,108_CHWSL2_CEV_T2_US,50.793,
568,1470681,1493091441,108_CHWSL2_CEV_E_Cooling_US1,130542.844,
569,1470682,1493091441,108_CHWSL2_CEV_E_Heating_US1,1.385,
570,1470683,1493091441,108_CHWSL2_CEV_RelPower,1.884,
571,1470684,1493091442,108_CHWSL3_CEV_RelPos,100.000,
572,1470685,1493091442,108_CHWSL3_CEV_RelFlow,1.915,
573,1470686,1493091442,108_CHWSL3_CEV_AbsFlow_US,0.947,
574,1470687,1493091442,108_CHWSL3_CEV_T1_US,48.580,
575,1470688,1493091442,108_CHWSL3_CEV_DeltaT_US,15.754,
576,1470689,1493091442,108_CHWSL3_CEV_T2_US,64.349,
577,1470690,1493091442,108_CHWSL3_CEV_AbsPower_US1,7.404,
578,1470691,1493091443,108_CHWSL3_CEV_E_Cooling_US1,97467.188,
579,1470692,1493091443,108_CHWSL3_CEV_E_Heating_US1,3897.182,
20,1470693,1493091443,136A_Ahu1_CEV_RelPower,0.000,
580,1470694,1493091444,108_CHWSL3_CEV_RelPower,1.763,
591,1470695,1493091474,108_CHWSL5_CEV_RelPos,100.000,
592,1470696,1493091474,108_CHWSL5_CEV_RelFlow,3.155,
593,1470697,1493091474,108_CHWSL5_CEV_AbsFlow_US,1.250,
594,1470698,1493091474,108_CHWSL5_CEV_T1_US,45.243,
595,1470699,1493091474,108_CHWSL5_CEV_DeltaT_US,2.439,
596,1470700,1493091475,108_CHWSL5_CEV_T2_US,47.683,
597,1470701,1493091475,108_CHWSL5_CEV_AbsPower_US1,1.593,
598,1470702,1493091475,108_CHWSL5_CEV_E_Cooling_US1,84604.680,
599,1470703,1493091475,108_CHWSL5_CEV_E_Heating_US1,2.132,
600,1470704,1493091476,108_CHWSL5_CEV_RelPower,0.717,
601,1470705,1493091476,108_CHWSL6_CEV_RelPos,100.000,
602,1470706,1493091476,108_CHWSL6_CEV_RelFlow,32.666,
603,1470707,1493091476,108_CHWSL6_CEV_AbsFlow_US,12.944,
604,1470708,1493091476,108_CHWSL6_CEV_T1_US,44.773,
605,1470709,1493091476,108_CHWSL6_CEV_DeltaT_US,3.145,
606,1470710,1493091477,108_CHWSL6_CEV_T2_US,47.909,
607,1470711,1493091477,108_CHWSL6_CEV_AbsPower_US1,20.485,
608,1470712,1493091477,108_CHWSL6_CEV_E_Cooling_US1,498197.375,
609,1470713,1493091477,108_CHWSL6_CEV_E_Heating_US1,32.216,
610,1470714,1493091477,108_CHWSL6_CEV_RelPower,9.521,
611,1470715,1493091477,031_CV1_CEV_RelPos,100.000,
612,1470716,1493091478,031_CV1_CEV_RelFlow,85.351,
613,1470717,1493091478,031_CV1_CEV_AbsFlow_US,114.991,
615,1470718,1493091481,031_CV1_CEV_DeltaT_US,6.608,
616,1470719,1493091481,031_CV1_CEV_T2_US,49.842,
617,1470720,1493091481,031_CV1_CEV_AbsPower_US1,380.323,
618,1470721,1493091481,031_CV1_CEV_E_Cooling_US1,1634284.250,
619,1470722,1493091481,031_CV1_CEV_E_Heating_US1,289.632,
620,1470723,1493091482,031_CV1_CEV_RelPower,37.147,
621,1470724,1493091482,031_VAV2_CEV_RelPos,47.420,
622,1470725,1493091482,031_VAV2_CEV_RelFlow,15.664,
623,1470726,1493091482,031_VAV2_CEV_AbsFlow_US,10.606,
624,1470727,1493091482,031_VAV2_CEV_T1_US,44.136,
625,1470728,1493091483,031_VAV2_CEV_DeltaT_US,16.228,
626,1470729,1493091483,031_VAV2_CEV_T2_US,60.363,
627,1470730,1493091483,031_VAV2_CEV_AbsPower_US1,86.244,
628,1470731,1493091483,031_VAV2_CEV_E_Cooling_US1,613899.750,
629,1470732,1493091483,031_VAV2_CEV_E_Heating_US1,53.736,
630,1470733,1493091484,031_VAV2_CEV_RelPower,20.500,
631,1470734,1493091484,031_CV2_CEV_RelPos,0.000,
632,1470735,1493091484,031_CV2_CEV_RelFlow,0.000,
633,1470736,1493091484,031_CV2_CEV_AbsFlow_US,0.000,
634,1470737,1493091484,031_CV2_CEV_T1_US,56.431,
635,1470738,1493091484,031_CV2_CEV_DeltaT_US,13.916,
636,1470739,1493091485,031_CV2_CEV_T2_US,70.347,
637,1470740,1493091485,031_CV2_CEV_AbsPower_US1,0.000,
638,1470741,1493091485,031_CV2_CEV_E_Cooling_US1,245027.828,
639,1470742,1493091485,031_CV2_CEV_E_Heating_US1,97.037,
640,1470743,1493091485,031_CV2_CEV_RelPower,0.000,
641,1470744,1493091485,031_CV3_CEV_RelPos,0.150,
642,1470745,1493091485,031_CV3_CEV_RelFlow,0.000,
643,1470746,1493091485,031_CV3_CEV_AbsFlow_US,0.000,
644,1470747,1493091486,031_CV3_CEV_T1_US,46.693,
645,1470748,1493091486,031_CV3_CEV_DeltaT_US,19.563,
646,1470749,1493091486,031_CV3_CEV_T2_US,66.255,
647,1470750,1493091486,031_CV3_CEV_AbsPower_US1,0.000,
648,1470751,1493091486,031_CV3_CEV_E_Cooling_US1,491178.906,
649,1470752,1493091486,031_CV3_CEV_E_Heating_US1,36.578,
650,1470753,1493091487,031_CV3_CEV_RelPower,0.000,
651,1470754,1493091487,031_CV4_CEV_RelPos,50.070,
652,1470755,1493091487,031_CV4_CEV_RelFlow,17.421,
653,1470756,1493091487,031_CV4_CEV_AbsFlow_US,15.851,
654,1470757,1493091487,031_CV4_CEV_T1_US,43.693,
655,1470758,1493091487,031_CV4_CEV_DeltaT_US,16.787,
656,1470759,1493091487,031_CV4_CEV_T2_US,60.479,
657,1470760,1493091488,031_CV4_CEV_AbsPower_US1,132.207,
658,1470761,1493091488,031_CV4_CEV_E_Cooling_US1,652904.688,
659,1470762,1493091488,031_CV4_CEV_E_Heating_US1,73.736,
660,1470763,1493091488,031_CV4_CEV_RelPower,24.443,
661,1470764,1493091488,031_CV5_CEV_RelPos,51.930,
662,1470765,1493091488,031_CV5_CEV_RelFlow,30.902,
663,1470766,1493091489,031_CV5_CEV_AbsFlow_US,20.925,
664,1470767,1493091489,031_CV5_CEV_T1_US,43.951,
666,1470768,1493091490,031_CV5_CEV_T2_US,55.769,
667,1470769,1493091490,031_CV5_CEV_AbsPower_US1,124.945,
668,1470770,1493091490,031_CV5_CEV_E_Cooling_US1,389815.688,
669,1470771,1493091490,031_CV5_CEV_E_Heating_US1,122.634,
670,1470772,1493091490,031_CV5_CEV_RelPower,29.244,
671,1470773,1493091490,031_VAV3_CEV_RelPos,29.260,
672,1470774,1493091491,031_VAV3_CEV_RelFlow,13.166,
673,1470775,1493091491,031_VAV3_CEV_AbsFlow_US,16.695,
674,1470776,1493091491,031_VAV3_CEV_T1_US,43.298,
675,1470777,1493091491,031_VAV3_CEV_DeltaT_US,20.423,
676,1470778,1493091491,031_VAV3_CEV_T2_US,63.721,
677,1470779,1493091491,031_VAV3_CEV_AbsPower_US1,170.756,
678,1470780,1493091492,031_VAV3_CEV_E_Cooling_US1,674679.000,
679,1470781,1493091492,031_VAV3_CEV_E_Heating_US1,2.051,
680,1470782,1493091492,031_VAV3_CEV_RelPower,23.820,
681,1470783,1493091492,031_EXG1_CEV_RelPos,100.000,
682,1470784,1493091492,031_EXG1_CEV_RelFlow,99.620,
683,1470785,1493091492,031_EXG1_CEV_AbsFlow_US,134.216,
684,1470786,1493091493,031_EXG1_CEV_T1_US,43.132,
685,1470787,1493091493,031_EXG1_CEV_DeltaT_US,3.396,
686,1470788,1493091493,031_EXG1_CEV_T2_US,46.514,
687,1470789,1493091493,031_EXG1_CEV_AbsPower_US1,228.951,
688,1470790,1493091493,031_EXG1_CEV_E_Cooling_US1,1200726.000,
689,1470791,1493091493,031_EXG1_CEV_E_Heating_US1,35.780,
690,1470792,1493091493,031_EXG1_CEV_RelPower,22.257,
691,1470793,1493091494,031_EXG2_CEV_RelPos,27.630,
692,1470794,1493091494,031_EXG2_CEV_RelFlow,13.476,
693,1470795,1493091494,031_EXG2_CEV_AbsFlow_US,18.157,
694,1470796,1493091494,031_EXG2_CEV_T1_US,43.271,
695,1470797,1493091494,031_EXG2_CEV_DeltaT_US,19.755,
696,1470798,1493091494,031_EXG2_CEV_T2_US,63.025,
697,1470799,1493091494,031_EXG2_CEV_AbsPower_US1,179.651,
698,1470800,1493091495,031_EXG2_CEV_E_Cooling_US1,1482150.625,
699,1470801,1493091495,031_EXG2_CEV_E_Heating_US1,234.006,
700,1470802,1493091495,031_EXG2_CEV_RelPower,17.535,
711,1470803,1493091525,034_AHU1_CEV_RelPos,0.000,
712,1470804,1493091525,034_AHU1_CEV_RelFlow,0.000,
713,1470805,1493091525,034_AHU1_CEV_AbsFlow_US,0.000,
714,1470806,1493091525,034_AHU1_CEV_T1_US,70.818,
715,1470807,1493091525,034_AHU1_CEV_DeltaT_US,8.005,
716,1470808,1493091525,034_AHU1_CEV_T2_US,62.813,
717,1470809,1493091526,034_AHU1_CEV_AbsPower_US1,0.000,
718,1470810,1493091526,034_AHU1_CEV_E_Cooling_US1,51040.613,
719,1470811,1493091526,034_AHU1_CEV_E_Heating_US1,78010.305,
720,1470812,1493091526,034_AHU1_CEV_RelPower,0.000,
721,1470813,1493091526,074_AHU1_CEV_RelPos,0.000,
722,1470814,1493091526,074_AHU1_CEV_RelFlow,0.000,
723,1470815,1493091527,074_AHU1_CEV_AbsFlow_US,0.000,
724,1470816,1493091527,074_AHU1_CEV_T1_US,49.739,
725,1470817,1493091527,074_AHU1_CEV_DeltaT_US,18.831,
726,1470818,1493091527,074_AHU1_CEV_T2_US,68.570,
727,1470819,1493091527,074_AHU1_CEV_AbsPower_US1,0.000,
728,1470820,1493091527,074_AHU1_CEV_E_Cooling_US1,257499.406,
729,1470821,1493091528,074_AHU1_CEV_E_Heating_US1,1123.891,
730,1470822,1493091528,074_AHU1_CEV_RelPower,0.000,
733,1470823,1493091528,041_AHU1_CEV_AbsFlow_US,20.926,
734,1470824,1493091529,041_AHU1_CEV_T1_US,43.354,
735,1470825,1493091529,041_AHU1_CEV_DeltaT_US,16.772,
736,1470826,1493091529,041_AHU1_CEV_T2_US,60.121,
737,1470827,1493091529,041_AHU1_CEV_AbsPower_US1,181.056,
746,1470828,1493091540,041_AHU2_CEV_T2_US,65.661,
747,1470829,1493091541,041_AHU2_CEV_AbsPower_US1,0.000,
748,1470830,1493091541,041_AHU2_CEV_E_Cooling_US1,0.000,
749,1470831,1493091541,041_AHU2_CEV_E_Heating_US1,0.000,
750,1470832,1493091541,041_AHU2_CEV_RelPower,0.000,
751,1470833,1493091541,041_AHU9_CEV_RelPos,72.600,
752,1470834,1493091542,041_AHU9_CEV_RelFlow,94.241,
753,1470835,1493091542,041_AHU9_CEV_AbsFlow_US,19.090,
754,1470836,1493091542,041_AHU9_CEV_T1_US,43.420,
755,1470837,1493091542,041_AHU9_CEV_DeltaT_US,5.268,
756,1470838,1493091542,041_AHU9_CEV_T2_US,48.689,
757,1470839,1493091543,041_AHU9_CEV_AbsPower_US1,50.506,
758,1470840,1493091543,041_AHU9_CEV_E_Cooling_US1,69131.250,
759,1470841,1493091543,041_AHU9_CEV_E_Heating_US1,0.254,
760,1470842,1493091543,041_AHU9_CEV_RelPower,31.037,
761,1470843,1493091543,041_AHU3_CEV_RelPos,19.060,
762,1470844,1493091543,041_AHU3_CEV_RelFlow,2.284,
763,1470845,1493091543,041_AHU3_CEV_AbsFlow_US,6.155,
764,1470846,1493091544,041_AHU3_CEV_T1_US,43.571,
765,1470847,1493091544,041_AHU3_CEV_DeltaT_US,23.648,
766,1470848,1493091544,041_AHU3_CEV_T2_US,67.224,
767,1470849,1493091544,041_AHU3_CEV_AbsPower_US1,72.854,
768,1470850,1493091545,041_AHU3_CEV_E_Cooling_US1,1427534.625,
769,1470851,1493091545,041_AHU3_CEV_E_Heating_US1,0.007,
770,1470852,1493091545,041_AHU3_CEV_RelPower,4.183,
771,1470853,1493091545,041_AHU4_CEV_RelPos,56.380,
772,1470854,1493091546,041_AHU4_CEV_RelFlow,25.117,
773,1470855,1493091546,041_AHU4_CEV_AbsFlow_US,20.091,
774,1470856,1493091546,041_AHU4_CEV_T1_US,43.702,
775,1470857,1493091546,041_AHU4_CEV_DeltaT_US,12.122,
776,1470858,1493091546,041_AHU4_CEV_T2_US,55.824,
777,1470859,1493091546,041_AHU4_CEV_AbsPower_US1,121.213,
778,1470860,1493091547,041_AHU4_CEV_E_Cooling_US1,450134.594,
779,1470861,1493091547,041_AHU4_CEV_E_Heating_US1,3.451,
780,1470862,1493091547,041_AHU4_CEV_RelPower,22.075,
781,1470863,1493091547,041_AHU5_CEV_RelPos,0.000,
782,1470864,1493091547,041_AHU5_CEV_RelFlow,0.000,
783,1470865,1493091548,041_AHU5_CEV_AbsFlow_US,0.000,
784,1470866,1493091548,041_AHU5_CEV_T1_US,44.731,
785,1470867,1493091548,041_AHU5_CEV_DeltaT_US,21.928,
786,1470868,1493091548,041_AHU5_CEV_T2_US,66.659,
787,1470869,1493091549,041_AHU5_CEV_AbsPower_US1,0.000,
788,1470870,1493091549,041_AHU5_CEV_E_Cooling_US1,138646.125,
789,1470871,1493091549,041_AHU5_CEV_E_Heating_US1,24.524,
790,1470872,1493091549,041_AHU5_CEV_RelPower,0.000,
791,1470873,1493091549,041_AHU6_CEV_RelPos,88.080,
792,1470874,1493091549,041_AHU6_CEV_RelFlow,94.781,
793,1470875,1493091550,041_AHU6_CEV_AbsFlow_US,33.427,
794,1470876,1493091550,041_AHU6_CEV_T1_US,43.503,
795,1470877,1493091550,041_AHU6_CEV_DeltaT_US,0.579,
796,1470878,1493091550,041_AHU6_CEV_T2_US,44.083,
797,1470879,1493091550,041_AHU6_CEV_AbsPower_US1,9.781,
798,1470880,1493091552,041_AHU6_CEV_E_Cooling_US1,136239.297,
801,1470881,1493091557,071_AHU1_CEV_RelPos,0.000,
803,1470882,1493091557,071_AHU1_CEV_AbsFlow_US,0.000,
804,1470883,1493091557,071_AHU1_CEV_T1_US,62.296,
805,1470884,1493091557,071_AHU1_CEV_DeltaT_US,1.116,
806,1470885,1493091558,071_AHU1_CEV_T2_US,63.416,
807,1470886,1493091558,071_AHU1_CEV_AbsPower_US1,0.000,
808,1470887,1493091558,071_AHU1_CEV_E_Cooling_US1,67865.258,
810,1470888,1493091561,071_AHU1_CEV_RelPower,0.000,
811,1470889,1493091561,071_AHU2_CEV_RelPos,0.000,
812,1470890,1493091561,071_AHU2_CEV_RelFlow,0.000,
813,1470891,1493091561,071_AHU2_CEV_AbsFlow_US,0.000,
814,1470892,1493091561,071_AHU2_CEV_T1_US,58.730,
815,1470893,1493091562,071_AHU2_CEV_DeltaT_US,2.984,
816,1470894,1493091562,071_AHU2_CEV_T2_US,61.713,
817,1470895,1493091562,071_AHU2_CEV_AbsPower_US1,0.000,
818,1470896,1493091562,071_AHU2_CEV_E_Cooling_US1,24606.049,
819,1470897,1493091562,071_AHU2_CEV_E_Heating_US1,3.619,
820,1470898,1493091562,071_AHU2_CEV_RelPower,0.000,
821,1470899,1493091562,071_AHU7_CEV_RelPos,0.000,
822,1470900,1493091563,071_AHU7_CEV_RelFlow,0.000,
823,1470901,1493091563,071_AHU7_CEV_AbsFlow_US,0.000,
824,1470902,1493091563,071_AHU7_CEV_T1_US,49.097,
825,1470903,1493091563,071_AHU7_CEV_DeltaT_US,20.795,
826,1470904,1493091563,071_AHU7_CEV_T2_US,69.897,
827,1470905,1493091563,071_AHU7_CEV_AbsPower_US1,0.000,
828,1470906,1493091564,071_AHU7_CEV_E_Cooling_US1,5477.048,
829,1470907,1493091564,071_AHU7_CEV_E_Heating_US1,0.803,
830,1470908,1493091564,071_AHU7_CEV_RelPower,0.000,
831,1470909,1493091564,020_AHU1_CEV_RelPos,38.440,
832,1470910,1493091564,020_AHU1_CEV_RelFlow,21.541,
833,1470911,1493091564,020_AHU1_CEV_AbsFlow_US,43.082,
834,1470912,1493091565,020_AHU1_CEV_T1_US,43.543,
835,1470913,1493091565,020_AHU1_CEV_DeltaT_US,13.711,
836,1470914,1493091565,020_AHU1_CEV_T2_US,57.254,
837,1470915,1493091565,020_AHU1_CEV_AbsPower_US1,296.173,
838,1470916,1493091565,020_AHU1_CEV_E_Cooling_US1,3180818.500,
839,1470917,1493091566,020_AHU1_CEV_E_Heating_US1,115.445,
840,1470918,1493091566,020_AHU1_CEV_RelPower,16.999,
841,1470919,1493091566,02_AHU2_CEV_RelPos,40.780,
842,1470920,1493091566,02_AHU2_CEV_RelFlow,20.947,
843,1470921,1493091566,02_AHU2_CEV_AbsFlow_US,50.467,
851,1470922,1493091574,133_AHU1_CEV_RelPos,28.960,
852,1470923,1493091574,133_AHU1_CEV_RelFlow,21.356,
853,1470924,1493091574,133_AHU1_CEV_AbsFlow_US,54.160,
854,1470925,1493091574,133_AHU1_CEV_T1_US,43.668,
855,1470926,1493091574,133_AHU1_CEV_DeltaT_US,15.243,
856,1470927,1493091575,133_AHU1_CEV_T2_US,58.911,
857,1470928,1493091575,133_AHU1_CEV_AbsPower_US1,413.936,
858,1470929,1493091575,133_AHU1_CEV_E_Cooling_US1,1154948.375,
859,1470930,1493091575,133_AHU1_CEV_E_Heating_US1,11501.633,
860,1470931,1493091575,133_AHU1_CEV_RelPower,23.758,
861,1470932,1493091575,133_AHU2_CEV_RelPos,29.140,
862,1470933,1493091576,133_AHU2_CEV_RelFlow,15.289,
863,1470934,1493091576,133_AHU2_CEV_AbsFlow_US,38.774,
864,1470935,1493091576,133_AHU2_CEV_T1_US,43.705,
865,1470936,1493091576,133_AHU2_CEV_DeltaT_US,17.335,
866,1470937,1493091576,133_AHU2_CEV_T2_US,61.040,
867,1470938,1493091576,133_AHU2_CEV_AbsPower_US1,336.775,
868,1470939,1493091576,133_AHU2_CEV_E_Cooling_US1,785700.813,
869,1470940,1493091577,133_AHU2_CEV_E_Heating_US1,0.767,
870,1470941,1493091577,133_AHU2_CEV_RelPower,19.341,
871,1470942,1493091577,133_AHU3_CEV_RelPos,21.270,
872,1470943,1493091577,133_AHU3_CEV_RelFlow,15.551,
873,1470944,1493091577,133_AHU3_CEV_AbsFlow_US,34.524,
878,1470945,1493091584,133_AHU3_CEV_E_Cooling_US1,1917438.875,
879,1470946,1493091585,133_AHU3_CEV_E_Heating_US1,1.526,
880,1470947,1493091585,133_AHU3_CEV_RelPower,11.286,
881,1470948,1493091585,133_AHU4_CEV_RelPos,46.120,
882,1470949,1493091585,133_AHU4_CEV_RelFlow,29.183,
883,1470950,1493091585,133_AHU4_CEV_AbsFlow_US,47.705,
884,1470951,1493091585,133_AHU4_CEV_T1_US,43.940,
885,1470952,1493091586,133_AHU4_CEV_DeltaT_US,10.171,
886,1470953,1493091586,133_AHU4_CEV_T2_US,54.111,
887,1470954,1493091586,133_AHU4_CEV_AbsPower_US1,243.410,
888,1470955,1493091586,133_AHU4_CEV_E_Cooling_US1,906713.625,
889,1470956,1493091586,133_AHU4_CEV_E_Heating_US1,6.659,
890,1470957,1493091586,133_AHU4_CEV_RelPower,23.779,
891,1470958,1493091587,133_AHU5_CEV_RelPos,0.000,
892,1470959,1493091587,133_AHU5_CEV_RelFlow,0.000,
893,1470960,1493091587,133_AHU5_CEV_AbsFlow_US,0.000,
894,1470961,1493091587,133_AHU5_CEV_T1_US,50.616,
895,1470962,1493091587,133_AHU5_CEV_DeltaT_US,21.861,
896,1470963,1493091587,133_AHU5_CEV_T2_US,72.476,
897,1470964,1493091587,133_AHU5_CEV_AbsPower_US1,0.000,
898,1470965,1493091587,133_AHU5_CEV_E_Cooling_US1,3495.093,
899,1470966,1493091588,133_AHU5_CEV_E_Heating_US1,1.135,
900,1470967,1493091588,133_AHU5_CEV_RelPower,0.000,
901,1470968,1493091588,133_AHU1E_CEV_RelPos,100.000,
902,1470969,1493091589,133_AHU1E_CEV_RelFlow,94.736,
903,1470970,1493091589,133_AHU1E_CEV_AbsFlow_US,154.865,
904,1470971,1493091589,133_AHU1E_CEV_T1_US,43.215,
905,1470972,1493091589,133_AHU1E_CEV_DeltaT_US,3.239,
906,1470973,1493091589,133_AHU1E_CEV_T2_US,46.454,
907,1470974,1493091589,133_AHU1E_CEV_AbsPower_US1,251.386,
908,1470975,1493091590,133_AHU1E_CEV_E_Cooling_US1,1267966.375,
909,1470976,1493091590,133_AHU1E_CEV_E_Heating_US1,3.097,
910,1470977,1493091591,133_AHU1E_CEV_RelPower,24.536,
911,1470978,1493091591,133_AHU2E_CEV_RelPos,59.200,
912,1470979,1493091591,133_AHU2E_CEV_RelFlow,30.054,
913,1470980,1493091591,133_AHU2E_CEV_AbsFlow_US,49.129,
914,1470981,1493091591,133_AHU2E_CEV_T1_US,43.455,
915,1470982,1493091591,133_AHU2E_CEV_DeltaT_US,3.871,
916,1470983,1493091591,133_AHU2E_CEV_T2_US,47.326,
918,1470984,1493091594,133_AHU2E_CEV_E_Cooling_US1,354271.938,
919,1470985,1493091594,133_AHU2E_CEV_E_Heating_US1,2.264,
920,1470986,1493091594,133_AHU2E_CEV_RelPower,9.368,
921,1470987,1493091595,082_RTU1E_CEV_RelPos,63.180,
922,1470988,1493091595,082_RTU1E_CEV_RelFlow,28.142,
923,1470989,1493091595,082_RTU1E_CEV_AbsFlow_US,50.554,
924,1470990,1493091595,082_RTU1E_CEV_T1_US,43.142,
925,1470991,1493091595,082_RTU1E_CEV_DeltaT_US,11.671,
926,1470992,1493091595,082_RTU1E_CEV_T2_US,54.799,
927,1470993,1493091596,082_RTU1E_CEV_AbsPower_US1,295.622,
928,1470994,1493091596,082_RTU1E_CEV_E_Cooling_US1,513520.281,
929,1470995,1493091596,082_RTU1E_CEV_E_Heating_US1,5491.188,
930,1470996,1493091596,082_RTU1E_CEV_RelPower,28.819,
931,1470997,1493091596,082_RTU1E_CEV_RelPos,40.270,
932,1470998,1493091596,082_RTU1E_CEV_RelFlow,14.467,
933,1470999,1493091597,082_RTU1E_CEV_AbsFlow_US,25.989,
934,1471000,1493091597,082_RTU1E_CEV_T1_US,43.705,
935,1471001,1493091597,082_RTU1E_CEV_DeltaT_US,12.617,
936,1471002,1493091597,082_RTU1E_CEV_T2_US,56.331,
937,1471003,1493091597,082_RTU1E_CEV_AbsPower_US1,164.555,
938,1471004,1493091597,082_RTU1E_CEV_E_Cooling_US1,157803.641,
939,1471005,1493091598,082_RTU1E_CEV_E_Heating_US1,249.669,
940,1471006,1493091598,082_RTU1E_CEV_RelPower,16.073,
941,1471007,1493091598,102_AHU1L_CEV_RelPos,68.810,
942,1471008,1493091598,102_AHU1L_CEV_RelFlow,96.503,
943,1471009,1493091598,102_AHU1L_CEV_AbsFlow_US,9.644,
944,1471010,1493091599,102_AHU1L_CEV_T1_US,44.048,
945,1471011,1493091599,102_AHU1L_CEV_DeltaT_US,6.376,
946,1471012,1493091599,102_AHU1L_CEV_T2_US,50.420,
947,1471013,1493091600,102_AHU1L_CEV_AbsPower_US1,30.844,
948,1471014,1493091600,102_AHU1L_CEV_E_Cooling_US1,17943.990,
949,1471015,1493091600,102_AHU1L_CEV_E_Heating_US1,6.246,
950,1471016,1493091600,102_AHU1L_CEV_RelPower,50.140,
951,1471017,1493091601,102_AHU2L_CEV_RelPos,25.630,
952,1471018,1493091602,102_AHU2L_CEV_RelFlow,20.680,
953,1471019,1493091603,102_AHU2L_CEV_AbsFlow_US,2.675,
954,1471020,1493091603,102_AHU2L_CEV_T1_US,44.583,
955,1471021,1493091603,102_AHU2L_CEV_DeltaT_US,18.554,
956,1471022,1493091604,102_AHU2L_CEV_T2_US,63.138,
957,1471023,1493091604,102_AHU2L_CEV_AbsPower_US1,24.905,
958,1471024,1493091604,102_AHU2L_CEV_E_Cooling_US1,14498.277,
959,1471025,1493091604,102_AHU2L_CEV_E_Heating_US1,19.036,
960,1471026,1493091604,102_AHU2L_CEV_RelPower,24.354,
981,1471027,1493091664,161_VAVE_CECVRelPos,29.270,
982,1471028,1493091664,161_VAVE_CECVRelFlow,6.195,
983,1471029,1493091664,161_VAVE_CECVAbsFlow_US,30.688,
984,1471030,1493091664,161_VAVE_CECVT1_US,42.962,
985,1471031,1493091664,161_VAVE_CECVDeltaT_US,8.897,
987,1471032,1493091665,161_VAVE_CECVAbsPower_US1,136.897,
988,1471033,1493091665,161_VAVE_CECVE_Cooling_US1,258886.422,
989,1471034,1493091666,161_VAVE_CECVE_Heating_US1,16.731,
990,1471035,1493091666,161_VAVE_CECVRelPower,4.946,
991,1471036,1493091666,161_VAVC_CEV_1RelPos,39.970,
992,1471037,1493091667,161_VAVC_CEV_1RelFlow,13.611,
993,1471038,1493091667,161_VAVC_CEV_1AbsFlow_US,97.080,
994,1471039,1493091668,161_VAVC_CEV_1T1_US,43.271,
995,1471040,1493091669,161_VAVC_CEV_1DeltaT_US,14.399,
996,1471041,1493091670,161_VAVC_CEV_1T2_US,57.665,
997,1471042,1493091671,161_VAVC_CEV_1AbsPower_US1,709.848,
998,1471043,1493091672,161_VAVC_CEV_1E_Cooling_US1,1323457.875,
999,1471044,1493091673,161_VAVC_CEV_1E_Heating_US1,596.474,
1000,1471045,1493091673,161_VAVC_CEV_1RelPower,18.209,
1001,1471046,1493091674,161_VAVC_CEV_2RelPos,40.740,
1002,1471047,1493091675,161_VAVC_CEV_2RelFlow,13.611,
1003,1471048,1493091676,161_VAVC_CEV_2AbsFlow_US,97.080,
1004,1471049,1493091677,161_VAVC_CEV_2T1_US,43.132,
1005,1471050,1493091677,161_VAVC_CEV_2DeltaT_US,14.556,
1006,1471051,1493091677,161_VAVC_CEV_2T2_US,57.692,
1007,1471052,1493091678,161_VAVC_CEV_2AbsPower_US1,708.476,
1008,1471053,1493091678,161_VAVC_CEV_2E_Cooling_US1,1377631.750,
1009,1471054,1493091678,161_VAVC_CEV_2E_Heating_US1,194.996,
1010,1471055,1493091679,161_VAVC_CEV_2RelPower,18.197,
1011,1471056,1493091679,161_VAVW_CEV_RelPos,19.530,
1012,1471057,1493091679,161_VAVW_CEV_RelFlow,2.912,
1013,1471058,1493091679,161_VAVW_CEV_AbsFlow_US,9.232,
1014,1471059,1493091679,161_VAVW_CEV_T1_US,43.945,
1015,1471060,1493091680,161_VAVW_CEV_DeltaT_US,18.162,
1016,1471061,1493091680,161_VAVW_CEV_T2_US,62.125,
1017,1471062,1493091680,161_VAVW_CEV_AbsPower_US1,84.077,
1018,1471063,1493091680,161_VAVW_CEV_E_Cooling_US1,251651.625,
1019,1471064,1493091680,161_VAVW_CEV_E_Heating_US1,0.000,
1020,1471065,1493091680,161_VAVW_CEV_RelPower,4.830,
1021,1471066,1493091682,161_MAUE_CEV_RelPos,0.000,
1023,1471067,1493091683,161_MAUE_CEV_AbsFlow_US,0.000,
1026,1471068,1493091684,161_MAUE_CEV_T2_US,73.858,
1028,1471069,1493091684,161_MAUE_CEV_E_Cooling_US1,1201.263,
1029,1471070,1493091685,161_MAUE_CEV_E_Heating_US1,10.289,
1030,1471071,1493091685,161_MAUE_CEV_RelPower,0.000,
1032,1471072,1493091688,161_MAUW_CEV_RelFlow,67.645,
1033,1471073,1493091688,161_MAUW_CEV_AbsFlow_US,346.340,
1034,1471074,1493091689,161_MAUW_CEV_T1_US,80.725,
1035,1471075,1493091690,161_MAUW_CEV_DeltaT_US,1.813,
1036,1471076,1493091690,161_MAUW_CEV_T2_US,82.542,
1037,1471077,1493091691,161_MAUW_CEV_AbsPower_US1,312.825,
1038,1471078,1493091691,161_MAUW_CEV_E_Cooling_US1,635197.438,
1039,1471079,1493091691,161_MAUW_CEV_E_Heating_US1,126191.813,
1040,1471080,1493091691,161_MAUW_CEV_RelPower,8.035,
1041,1471081,1493091692,085_MZU1_CEV_RelPos,18.790,
1042,1471082,1493091692,085_MZU1_CEV_RelFlow,4.077,
1043,1471083,1493091693,085_MZU1_CEV_AbsFlow_US,12.925,
1044,1471084,1493091693,085_MZU1_CEV_T1_US,43.469,
1045,1471085,1493091693,085_MZU1_CEV_DeltaT_US,19.088,
1046,1471086,1493091693,085_MZU1_CEV_T2_US,62.538,
1047,1471087,1493091693,085_MZU1_CEV_AbsPower_US1,123.484,
1048,1471088,1493091693,085_MZU1_CEV_E_Cooling_US1,301572.063,
1049,1471089,1493091694,085_MZU1_CEV_E_Heating_US1,63.618,
1050,1471090,1493091694,085_MZU1_CEV_RelPower,7.425,
1051,1471091,1493091694,085_MZU2_CEV_RelPos,22.290,
1052,1471092,1493091694,085_MZU2_CEV_RelFlow,4.659,
1053,1471093,1493091694,085_MZU2_CEV_AbsFlow_US,14.771,
1054,1471094,1493091695,085_MZU2_CEV_T1_US,43.649,
1055,1471095,1493091696,085_MZU2_CEV_DeltaT_US,16.982,
1056,1471096,1493091696,085_MZU2_CEV_T2_US,60.632,
1057,1471097,1493091696,085_MZU2_CEV_AbsPower_US1,125.694,
1058,1471098,1493091696,085_MZU2_CEV_E_Cooling_US1,244343.594,
1059,1471099,1493091696,085_MZU2_CEV_E_Heating_US1,175.480,
1060,1471100,1493091696,085_MZU2_CEV_RelPower,7.219,
1061,1471101,1493091697,085_AHU1R_CEV_RelPos,39.820,
1062,1471102,1493091697,085_AHU1R_CEV_RelFlow,22.783,
1063,1471103,1493091697,085_AHU1R_CEV_AbsFlow_US,11.787,
1064,1471104,1493091697,085_AHU1R_CEV_T1_US,46.268,
1065,1471105,1493091697,085_AHU1R_CEV_DeltaT_US,22.311,
1066,1471106,1493091698,085_AHU1R_CEV_T2_US,68.579,
1067,1471107,1493091698,085_AHU1R_CEV_AbsPower_US1,131.608,
1068,1471108,1493091698,085_AHU1R_CEV_E_Cooling_US1,194981.406,
1069,1471109,1493091698,085_AHU1R_CEV_E_Heating_US1,1051.814,
1070,1471110,1493091698,085_AHU1R_CEV_RelPower,31.363,
1081,1471111,1493091729,120_AHU103C_CEV_RelPos,20.450,
1082,1471112,1493091729,120_AHU103C_CEV_RelFlow,6.341,
1083,1471113,1493091732,120_AHU103C_CEV_AbsFlow_US,3.091,
1084,1471114,1493091733,120_AHU103C_CEV_T1_US,48.266,
1085,1471115,1493091734,120_AHU103C_CEV_DeltaT_US,17.367,
1086,1471116,1493091736,120_AHU103C_CEV_T2_US,65.638,
1087,1471117,1493091738,120_AHU103C_CEV_AbsPower_US1,25.657,
1088,1471118,1493091740,120_AHU103C_CEV_E_Cooling_US1,3656.863,
1089,1471119,1493091742,120_AHU103C_CEV_E_Heating_US1,97.292,
1090,1471120,1493091744,120_AHU103C_CEV_RelPower,6.211,
1093,1471121,1493091752,120_AHU107_CEV_AbsFlow_US,0.000,
1095,1471122,1493091756,120_AHU107_CEV_DeltaT_US,0.304,
1096,1471123,1493091757,120_AHU107_CEV_T2_US,72.495,
1097,1471124,1493091758,120_AHU107_CEV_AbsPower_US1,0.000,
1098,1471125,1493091759,120_AHU107_CEV_E_Cooling_US1,0.000,
1099,1471126,1493091759,120_AHU107_CEV_E_Heating_US1,0.288,
1100,1471127,1493091760,120_AHU107_CEV_RelPower,0.000,
1101,1471128,1493091761,116_AHU114_CEV_RelPos,0.000,
1102,1471129,1493091761,116_AHU114_CEV_RelFlow,0.000,
1103,1471130,1493091762,116_AHU114_CEV_AbsFlow_US,0.000,
1104,1471131,1493091762,116_AHU114_CEV_T1_US,75.183,
1105,1471132,1493091763,116_AHU114_CEV_DeltaT_US,1.148,
1106,1471133,1493091763,116_AHU114_CEV_T2_US,76.336,
1107,1471134,1493091763,116_AHU114_CEV_AbsPower_US1,0.000,
1108,1471135,1493091763,116_AHU114_CEV_E_Cooling_US1,61296.723,
1109,1471136,1493091763,116_AHU114_CEV_E_Heating_US1,1.042,
1110,1471137,1493091764,116_AHU114_CEV_RelPower,0.000,
1111,1471138,1493091764,116_AHU218_CEV_RelPos,0.000,
1112,1471139,1493091764,116_AHU218_CEV_RelFlow,0.000,
1113,1471140,1493091764,116_AHU218_CEV_AbsFlow_US,0.000,
1114,1471141,1493091765,116_AHU218_CEV_T1_US,75.197,
1115,1471142,1493091766,116_AHU218_CEV_DeltaT_US,1.134,
1117,1471143,1493091769,116_AHU218_CEV_AbsPower_US1,0.000,
1118,1471144,1493091769,116_AHU218_CEV_E_Cooling_US1,61296.723,
1119,1471145,1493091777,116_AHU218_CEV_E_Heating_US1,1.042,
1120,1471146,1493091778,116_AHU218_CEV_RelPower,0.000,
81,1471147,1493091803,027_BC1_CEV_RelPos,100.000,
88,1471148,1493091811,027_BC1_CEV_E_Cooling_US1,58486.059,
91,1471149,1493091814,027_AHU1W_CEV_RelPos,0.150,
92,1471150,1493091814,027_AHU1W_CEV_RelFlow,0.000,
93,1471151,1493091814,027_AHU1W_CEV_AbsFlow_US,0.000,
94,1471152,1493091814,027_AHU1W_CEV_T1_US,71.050,
95,1471153,1493091815,027_AHU1W_CEV_DeltaT_US,2.164,
96,1471154,1493091815,027_AHU1W_CEV_T2_US,73.214,
97,1471155,1493091816,027_AHU1W_CEV_AbsPower_US1,0.000,
98,1471156,1493091816,027_AHU1W_CEV_E_Cooling_US1,21216.904,
99,1471157,1493091816,027_AHU1W_CEV_E_Heating_US1,0.356,
100,1471158,1493091816,027_AHU1W_CEV_RelPower,0.000,
101,1471159,1493091817,027_BC2_CEV_RelPos,100.000,
103,1471160,1493091817,027_BC2_CEV_AbsFlow_US,9.483,
104,1471161,1493091817,027_BC2_CEV_T1_US,43.780,
105,1471162,1493091818,027_BC2_CEV_DeltaT_US,6.159,
106,1471163,1493091818,027_BC2_CEV_T2_US,49.940,
107,1471164,1493091818,027_BC2_CEV_AbsPower_US1,29.225,
108,1471165,1493091818,027_BC2_CEV_E_Cooling_US1,166361.313,
109,1471166,1493091818,027_BC2_CEV_E_Heating_US1,10.563,
110,1471167,1493091819,027_BC2_CEV_RelPower,28.418,
111,1471168,1493091819,027_AHU2E_CEV_RelPos,26.970,
112,1471169,1493091819,027_AHU2E_CEV_RelFlow,13.506,
113,1471170,1493091819,027_AHU2E_CEV_AbsFlow_US,1.557,
114,1471171,1493091819,027_AHU2E_CEV_T1_US,44.680,
115,1471172,1493091820,027_AHU2E_CEV_DeltaT_US,14.676,
116,1471173,1493091820,027_AHU2E_CEV_T2_US,59.357,
117,1471174,1493091820,027_AHU2E_CEV_AbsPower_US1,11.433,
118,1471175,1493091820,027_AHU2E_CEV_E_Cooling_US1,70288.383,
119,1471176,1493091820,027_AHU2E_CEV_E_Heating_US1,21.885,
120,1471177,1493091820,027_AHU2E_CEV_RelPower,11.080,
121,1471178,1493091821,027_AHU3_CEV_RelPos,0.000,
21,1471179,1493091821,001_AHU106_CEV_RelPos,16.420,
122,1471180,1493091821,027_AHU3_CEV_RelFlow,0.000,
123,1471181,1493091821,027_AHU3_CEV_AbsFlow_US,0.000,
124,1471182,1493091821,027_AHU3_CEV_T1_US,57.437,
125,1471183,1493091821,027_AHU3_CEV_DeltaT_US,5.390,
126,1471184,1493091822,027_AHU3_CEV_T2_US,62.827,
127,1471185,1493091822,027_AHU3_CEV_AbsPower_US1,0.000,
128,1471186,1493091822,027_AHU3_CEV_E_Cooling_US1,86725.180,
129,1471187,1493091823,027_AHU3_CEV_E_Heating_US1,4.602,
130,1471188,1493091823,027_AHU3_CEV_RelPower,0.000,
131,1471189,1493091824,027_AHU4_CEV_RelPos,26.960,
132,1471190,1493091824,027_AHU4_CEV_RelFlow,12.308,
133,1471191,1493091824,027_AHU4_CEV_AbsFlow_US,1.535,
134,1471192,1493091824,027_AHU4_CEV_T1_US,44.016,
135,1471193,1493091824,027_AHU4_CEV_DeltaT_US,13.530,
136,1471194,1493091824,027_AHU4_CEV_T2_US,57.546,
137,1471195,1493091825,027_AHU4_CEV_AbsPower_US1,10.408,
138,1471196,1493091825,027_AHU4_CEV_E_Cooling_US1,76851.219,
139,1471197,1493091825,027_AHU4_CEV_E_Heating_US1,4.388,
140,1471198,1493091825,027_AHU4_CEV_RelPower,10.109,
141,1471199,1493091825,027_AHu1_CEV_RelPos,17.400,
142,1471200,1493091826,027_AHu1_CEV_RelFlow,1.356,
143,1471201,1493091826,027_AHu1_CEV_AbsFlow_US,0.136,
144,1471202,1493091826,027_AHu1_CEV_T1_US,44.943,
145,1471203,1493091826,027_AHu1_CEV_DeltaT_US,30.432,
146,1471204,1493091826,027_AHu1_CEV_T2_US,75.376,
147,1471205,1493091827,027_AHu1_CEV_AbsPower_US1,2.048,
148,1471206,1493091827,027_AHu1_CEV_E_Cooling_US1,49646.691,
149,1471207,1493091827,027_AHu1_CEV_E_Heating_US1,0.187,
150,1471208,1493091827,027_AHu1_CEV_RelPower,3.332,
151,1471209,1493091827,027_AHu2_CEV_RelPos,15.410,
152,1471210,1493091828,027_AHu2_CEV_RelFlow,1.856,
153,1471211,1493091828,027_AHu2_CEV_AbsFlow_US,0.230,
154,1471212,1493091828,027_AHu2_CEV_T1_US,44.537,
156,1471213,1493091829,027_AHu2_CEV_T2_US,75.000,
157,1471214,1493091829,027_AHu2_CEV_AbsPower_US1,3.535,
161,1471215,1493091837,091_AHU101_CEV_RelPos,0.000,
162,1471216,1493091837,091_AHU101_CEV_RelFlow,0.000,
163,1471217,1493091837,091_AHU101_CEV_AbsFlow_US,0.000,
164,1471218,1493091837,091_AHU101_CEV_T1_US,43.723,
165,1471219,1493091837,091_AHU101_CEV_DeltaT_US,12.534,
167,1471220,1493091841,091_AHU101_CEV_AbsPower_US1,0.000,
168,1471221,1493091841,091_AHU101_CEV_E_Cooling_US1,251264.172,
169,1471222,1493091841,091_AHU101_CEV_E_Heating_US1,29.082,
170,1471223,1493091841,091_AHU101_CEV_RelPower,0.000,
171,1471224,1493091842,091_AHU102_CEV_RelPos,0.000,
172,1471225,1493091842,091_AHU102_CEV_RelFlow,0.000,
174,1471226,1493091845,091_AHU102_CEV_T1_US,43.983,
175,1471227,1493091845,091_AHU102_CEV_DeltaT_US,16.324,
176,1471228,1493091845,091_AHU102_CEV_T2_US,60.308,
177,1471229,1493091845,091_AHU102_CEV_AbsPower_US1,0.000,
179,1471230,1493091848,091_AHU102_CEV_E_Heating_US1,15.682,
180,1471231,1493091848,091_AHU102_CEV_RelPower,0.000,
181,1471232,1493091848,091_AHU103_CEV_RelPos,8.710,
182,1471233,1493091848,091_AHU103_CEV_RelFlow,0.000,
183,1471234,1493091848,091_AHU103_CEV_AbsFlow_US,0.000,
184,1471235,1493091849,091_AHU103_CEV_T1_US,44.057,
185,1471236,1493091849,091_AHU103_CEV_DeltaT_US,27.000,
188,1471237,1493091853,091_AHU103_CEV_E_Cooling_US1,100836.398,
189,1471238,1493091853,091_AHU103_CEV_E_Heating_US1,5.725,
190,1471239,1493091853,091_AHU103_CEV_RelPower,0.000,
191,1471240,1493091853,091_AHU01_CEV_1RelPos,27.350,
192,1471241,1493091854,091_AHU01_CEV_1RelFlow,5.589,
193,1471242,1493091854,091_AHU01_CEV_1AbsFlow_US,26.852,
194,1471243,1493091854,091_AHU01_CEV_1T1_US,43.954,
196,1471244,1493091857,091_AHU01_CEV_1T2_US,61.253,
197,1471245,1493091857,091_AHU01_CEV_1AbsPower_US1,232.727,
198,1471246,1493091857,091_AHU01_CEV_1E_Cooling_US1,4006777.250,
199,1471247,1493091857,091_AHU01_CEV_1E_Heating_US1,2762.525,
200,1471248,1493091857,091_AHU01_CEV_1RelPower,8.413,
201,1471249,1493091858,091_AHU01_CEV_2RelPos,27.720,
22,1471250,1493091858,001_AHU106_CEV_RelFlow,3.880,
202,1471251,1493091858,091_AHU01_CEV_2RelFlow,5.589,
203,1471252,1493091858,091_AHU01_CEV_2AbsFlow_US,26.852,
23,1471253,1493091858,001_AHU106_CEV_AbsFlow_US,1.547,
204,1471254,1493091859,091_AHU01_CEV_2T1_US,44.448,
205,1471255,1493091859,091_AHU01_CEV_2DeltaT_US,15.799,
206,1471256,1493091859,091_AHU01_CEV_2T2_US,60.242,
207,1471257,1493091859,091_AHU01_CEV_2AbsPower_US1,212.632,
208,1471258,1493091859,091_AHU01_CEV_2E_Cooling_US1,1101810.750,
209,1471259,1493091860,091_AHU01_CEV_2E_Heating_US1,233.098,
211,1471260,1493091865,091_AHU319_CEV_RelPos,0.000,
212,1471261,1493091866,091_AHU319_CEV_RelFlow,0.000,
213,1471262,1493091866,091_AHU319_CEV_AbsFlow_US,0.000,
214,1471263,1493091866,091_AHU319_CEV_T1_US,70.479,
215,1471264,1493091866,091_AHU319_CEV_DeltaT_US,1.306,
216,1471265,1493091867,091_AHU319_CEV_T2_US,71.771,
218,1471266,1493091870,091_AHU319_CEV_E_Cooling_US1,811.358,
219,1471267,1493091872,091_AHU319_CEV_E_Heating_US1,2.246,
220,1471268,1493091873,091_AHU319_CEV_RelPower,0.000,
221,1471269,1493091874,091_AHU504_CEV_RelPos,16.960,
222,1471270,1493091875,091_AHU504_CEV_RelFlow,1.799,
223,1471271,1493091875,091_AHU504_CEV_AbsFlow_US,0.584,
224,1471272,1493091875,091_AHU504_CEV_T1_US,44.246,
225,1471273,1493091875,091_AHU504_CEV_DeltaT_US,24.602,
226,1471274,1493091875,091_AHU504_CEV_T2_US,68.849,
227,1471275,1493091876,091_AHU504_CEV_AbsPower_US1,7.582,
228,1471276,1493091876,091_AHU504_CEV_E_Cooling_US1,37804.648,
229,1471277,1493091876,091_AHU504_CEV_E_Heating_US1,0.194,
230,1471278,1493091876,091_AHU504_CEV_RelPower,3.362,
24,1471279,1493091915,001_AHU106_CEV_T1_US,44.523,
25,1471280,1493091924,001_AHU106_CEV_DeltaT_US,18.512,
1,1471281,1493091945,136A_Ahu1_CEV__RelPos,0.000,
27,1471282,1493091957,001_AHU106_CEV_AbsPower_US1,14.177,
28,1471283,1493092001,001_AHU106_CEV_E_Cooling_US1,236603.797,
278,1471284,1493092002,165_MAU1_CEV_1E_Cooling_US1,3099698.000,
279,1471285,1493092002,165_MAU1_CEV_1E_Heating_US1,1064.822,
283,1471286,1493092003,165_MAU1_CEV_2AbsFlow_US,0.000,
29,1471287,1493092004,001_AHU106_CEV_E_Heating_US1,207.230,
284,1471288,1493092005,165_MAU1_CEV_2T1_US,89.164,
31,1471289,1493092006,001_AHU118_CEV_RelPos,25.440,
285,1471290,1493092006,165_MAU1_CEV_2DeltaT_US,10.992,
286,1471291,1493092007,165_MAU1_CEV_2T2_US,78.172,
287,1471292,1493092007,165_MAU1_CEV_2AbsPower_US1,0.000,
288,1471293,1493092007,165_MAU1_CEV_2E_Cooling_US1,3411292.250,
2,1471294,1493092008,136A_Ahu1_CEV_RelFlow,0.000,
291,1471295,1493092008,165_AHU1_CEV_RelPos,0.000,
292,1471296,1493092008,165_AHU1_CEV_RelFlow,0.000,
293,1471297,1493092008,165_AHU1_CEV_AbsFlow_US,0.000,
294,1471298,1493092009,165_AHU1_CEV_T1_US,74.975,
295,1471299,1493092009,165_AHU1_CEV_DeltaT_US,1.218,
32,1471300,1493092017,001_AHU118_CEV_RelFlow,8.146,
304,1471301,1493092018,165_AHU2_CEV_T1_US,46.946,
305,1471302,1493092018,165_AHU2_CEV_DeltaT_US,20.965,
306,1471303,1493092018,165_AHU2_CEV_T2_US,67.916,
307,1471304,1493092018,165_AHU2_CEV_AbsPower_US1,0.000,
308,1471305,1493092018,165_AHU2_CEV_E_Cooling_US1,16945.914,
309,1471306,1493092018,165_AHU2_CEV_E_Heating_US1,0.573,
310,1471307,1493092019,165_AHU2_CEV_RelPower,0.000,
33,1471308,1493092025,001_AHU118_CEV_AbsFlow_US,2.474,
321,1471309,1493092049,003_AHU2_CEV_RelPos,27.430,
322,1471310,1493092049,003_AHU2_CEV_RelFlow,16.472,
323,1471311,1493092049,003_AHU2_CEV_AbsFlow_US,2.342,
324,1471312,1493092049,003_AHU2_CEV_T1_US,46.259,
325,1471313,1493092049,003_AHU2_CEV_DeltaT_US,15.923,
3,1471314,1493092050,136A_Ahu1_CEV_AbsFlow_US,45.916,
326,1471315,1493092050,003_AHU2_CEV_T2_US,62.182,
327,1471316,1493092050,003_AHU2_CEV_AbsPower_US1,18.718,
328,1471317,1493092050,003_AHU2_CEV_E_Cooling_US1,52607.004,
329,1471318,1493092050,003_AHU2_CEV_E_Heating_US1,9.939,
330,1471319,1493092051,003_AHU2_CEV_RelPower,18.173,
331,1471320,1493092051,168_AHU1_CEV_RelPos,28.190,
332,1471321,1493092051,168_AHU1_CEV_RelFlow,6.485,
333,1471322,1493092051,168_AHU1_CEV_AbsFlow_US,8.223,
334,1471323,1493092051,168_AHU1_CEV_T1_US,44.494,
335,1471324,1493092051,168_AHU1_CEV_DeltaT_US,23.259,
336,1471325,1493092051,168_AHU1_CEV_T2_US,67.753,
337,1471326,1493092052,168_AHU1_CEV_AbsPower_US1,95.700,
338,1471327,1493092052,168_AHU1_CEV_E_Cooling_US1,101433.742,
339,1471328,1493092052,168_AHU1_CEV_E_Heating_US1,13.297,
34,1471329,1493092053,001_AHU118_CEV_T1_US,44.311,
340,1471330,1493092053,168_AHU1_CEV_RelPower,13.323,
341,1471331,1493092053,168_AHU2_CEV_RelPos,24.150,
342,1471332,1493092053,168_AHU2_CEV_RelFlow,5.699,
343,1471333,1493092053,168_AHU2_CEV_AbsFlow_US,7.226,
344,1471334,1493092053,168_AHU2_CEV_T1_US,44.051,
345,1471335,1493092054,168_AHU2_CEV_DeltaT_US,20.288,
346,1471336,1493092054,168_AHU2_CEV_T2_US,64.343,
347,1471337,1493092054,168_AHU2_CEV_AbsPower_US1,73.406,
348,1471338,1493092054,168_AHU2_CEV_E_Cooling_US1,112662.367,
35,1471339,1493092054,001_AHU118_CEV_DeltaT_US,22.130,
349,1471340,1493092054,168_AHU2_CEV_E_Heating_US1,14.201,
350,1471341,1493092055,168_AHU2_CEV_RelPower,10.238,
351,1471342,1493092055,168_MAU1_CEV_RelPos,0.000,
352,1471343,1493092055,168_MAU1_CEV_RelFlow,0.000,
353,1471344,1493092055,168_MAU1_CEV_AbsFlow_US,0.000,
354,1471345,1493092055,168_MAU1_CEV_T1_US,73.745,
355,1471346,1493092056,168_MAU1_CEV_DeltaT_US,0.225,
356,1471347,1493092056,168_MAU1_CEV_T2_US,73.520,
357,1471348,1493092056,168_MAU1_CEV_AbsPower_US1,0.000,
358,1471349,1493092056,168_MAU1_CEV_E_Cooling_US1,4.537,
359,1471350,1493092056,168_MAU1_CEV_E_Heating_US1,1.746,
360,1471351,1493092056,168_MAU1_CEV_RelPower,0.000,
361,1471352,1493092057,168_AHU3_CEV_RelPos,0.000,
362,1471353,1493092057,168_AHU3_CEV_RelFlow,0.000,
363,1471354,1493092057,168_AHU3_CEV_AbsFlow_US,0.000,
364,1471355,1493092057,168_AHU3_CEV_T1_US,63.822,
365,1471356,1493092057,168_AHU3_CEV_DeltaT_US,7.979,
366,1471357,1493092057,168_AHU3_CEV_T2_US,55.838,
367,1471358,1493092058,168_AHU3_CEV_AbsPower_US1,0.000,
368,1471359,1493092058,168_AHU3_CEV_E_Cooling_US1,342.372,
369,1471360,1493092058,168_AHU3_CEV_E_Heating_US1,0.104,
370,1471361,1493092058,168_AHU3_CEV_RelPower,0.000,
371,1471362,1493092058,168_AHU4_CEV_RelPos,0.150,
372,1471363,1493092058,168_AHU4_CEV_RelFlow,0.000,
373,1471364,1493092059,168_AHU4_CEV_AbsFlow_US,0.000,
374,1471365,1493092059,168_AHU4_CEV_T1_US,49.245,
375,1471366,1493092059,168_AHU4_CEV_DeltaT_US,17.131,
4,1471367,1493092059,136A_Ahu1_CEV_T1_US,43.082,
5,1471368,1493092059,136A_Ahu1_CEV_DeltaT_US,17.355,
376,1471369,1493092059,168_AHU4_CEV_T2_US,66.380,
377,1471370,1493092059,168_AHU4_CEV_AbsPower_US1,0.000,
378,1471371,1493092060,168_AHU4_CEV_E_Cooling_US1,39584.332,
379,1471372,1493092060,168_AHU4_CEV_E_Heating_US1,0.128,
6,1471373,1493092060,136A_Ahu1_CEV_T2_US,60.409,
36,1471374,1493092061,001_AHU118_CEV_T2_US,66.459,
380,1471375,1493092061,168_AHU4_CEV_RelPower,0.000,
381,1471376,1493092061,153D_AHU1_CEV_RelPos,42.230,
382,1471377,1493092061,153D_AHU1_CEV_RelFlow,19.011,
383,1471378,1493092061,153D_AHU1_CEV_AbsFlow_US,10.848,
384,1471379,1493092061,153D_AHU1_CEV_T1_US,44.334,
385,1471380,1493092061,153D_AHU1_CEV_DeltaT_US,12.921,
386,1471381,1493092062,153D_AHU1_CEV_T2_US,57.255,
387,1471382,1493092062,153D_AHU1_CEV_AbsPower_US1,70.652,
388,1471383,1493092062,153D_AHU1_CEV_E_Cooling_US1,225186.703,
7,1471384,1493092062,136A_Ahu1_CEV_AbsPower_US1,634.350,
389,1471385,1493092062,153D_AHU1_CEV_E_Heating_US1,5724.011,
8,1471386,1493092062,136A_Ahu1_CEV_E_Cooling_US1,6264482.500,
37,1471387,1493092063,001_AHU118_CEV_AbsPower_US1,27.495,
390,1471388,1493092063,153D_AHU1_CEV_RelPower,16.336,
391,1471389,1493092063,153D_AHU3_CEV_RelPos,49.190,
392,1471390,1493092064,153D_AHU3_CEV_RelFlow,15.583,
393,1471391,1493092064,153D_AHU3_CEV_AbsFlow_US,14.179,
394,1471392,1493092064,153D_AHU3_CEV_T1_US,44.108,
395,1471393,1493092064,153D_AHU3_CEV_DeltaT_US,15.736,
396,1471394,1493092064,153D_AHU3_CEV_T2_US,59.844,
397,1471395,1493092064,153D_AHU3_CEV_AbsPower_US1,112.259,
398,1471396,1493092065,153D_AHU3_CEV_E_Cooling_US1,605429.125,
399,1471397,1493092065,153D_AHU3_CEV_E_Heating_US1,3.015,
38,1471398,1493092066,001_AHU118_CEV_E_Cooling_US1,620060.813,
400,1471399,1493092066,153D_AHU3_CEV_RelPower,20.294,
401,1471400,1493092066,153D_AHU2_CEV_RelPos,30.070,
